0.000000 -0.000000 -0.000000 -0.000000 -0.000000 -0.000000 -0.000000 1.000000
0.100000 -0.029948 -0.021053 0.644456 0.000760 -0.000994 0.001891 0.999997
0.200000 0.009193 0.031176 1.394331 0.002784 -0.004277 0.000210 0.999987
0.300000 -0.006710 0.026160 2.111300 0.003609 -0.006208 0.000163 0.999974
0.400000 -0.008657 0.037559 2.824656 0.004361 -0.008967 -0.001301 0.999949
0.500000 -0.013342 0.006776 3.571480 0.004033 -0.011569 -0.000686 0.999925
0.600000 -0.049904 0.006649 4.356204 0.004614 -0.013507 -0.000590 0.999898
0.700000 -0.077301 -0.002334 5.149987 0.005137 -0.016163 -0.002399 0.999853
0.800000 0.014263 -0.050589 5.814932 0.003663 -0.019758 -0.002506 0.999795
0.900000 -0.013790 -0.058900 6.614021 0.002402 -0.022261 -0.002259 0.999747
1.000000 -0.089475 -0.048079 7.516065 0.001191 -0.024029 -0.000971 0.999710
1.100000 -0.128142 -0.062136 8.353394 0.001512 -0.025751 -0.001688 0.999666
1.200000 -0.166474 -0.088078 9.197030 0.001275 -0.027170 -0.001712 0.999629
1.300000 -0.211407 -0.098147 10.040458 0.001585 -0.028079 -0.000435 0.999604
1.400000 -0.262420 -0.063285 10.888489 0.001544 -0.029396 0.001120 0.999566
1.500000 -0.311475 -0.077660 11.751315 0.001402 -0.030333 0.002339 0.999536
1.600000 -0.381071 -0.088002 12.625091 0.002575 -0.031344 0.000860 0.999505
1.700000 -0.455425 -0.090379 13.507576 0.004032 -0.031999 0.000779 0.999479
1.800000 -0.524819 -0.101006 14.415624 0.004835 -0.033193 -0.000699 0.999437
1.900000 -0.563450 -0.123697 15.265464 0.004536 -0.034026 -0.000937 0.999410
2.000000 -0.600338 -0.136634 16.125180 0.003919 -0.034984 -0.000679 0.999380
2.100000 -0.734210 -0.154841 17.079572 0.003589 -0.035067 -0.002639 0.999375
2.200000 -0.757644 -0.171253 17.927802 0.003213 -0.035984 -0.001299 0.999346
2.300000 -0.847421 -0.178309 18.841792 0.003926 -0.036450 -0.001824 0.999326
2.400000 -0.886576 -0.190193 19.724987 0.004092 -0.037393 -0.000094 0.999292
2.500000 -0.955612 -0.196679 20.666356 0.003235 -0.038031 0.000552 0.999271
2.600000 -1.034621 -0.206864 21.598989 0.001605 -0.038253 0.000002 0.999267
2.700000 -1.091011 -0.213850 22.517057 -0.000548 -0.038397 0.000983 0.999262
2.800000 -1.162199 -0.230785 23.415598 -0.002048 -0.037724 0.001471 0.999285
2.900000 -1.208429 -0.235249 24.304436 -0.002285 -0.037281 0.001377 0.999301
3.000000 -1.292012 -0.235400 25.254943 -0.000965 -0.036860 0.002001 0.999318
3.100000 -1.303039 -0.260312 26.136761 0.001238 -0.037172 0.001182 0.999307
3.200000 -1.395513 -0.228460 27.069267 0.002857 -0.036587 0.003590 0.999320
3.300000 -1.483456 -0.234924 27.999165 0.002341 -0.036167 0.005177 0.999330
3.400000 -1.546529 -0.256950 28.918576 -0.000181 -0.036451 0.005585 0.999320
3.500000 -1.590533 -0.249678 29.816455 -0.001828 -0.037263 0.008157 0.999271
3.600000 -1.589566 -0.247214 30.712897 -0.001345 -0.038601 0.011300 0.999190
3.700000 -1.598204 -0.284748 31.539075 0.000134 -0.039875 0.012600 0.999125
3.800000 -1.596922 -0.313236 32.457802 0.002052 -0.041656 0.011608 0.999062
3.900000 -1.613655 -0.347236 33.392294 0.002237 -0.043598 0.010482 0.998992
4.000000 -1.672720 -0.357668 34.346600 0.001550 -0.044488 0.010724 0.998951
4.100000 -1.743358 -0.368818 35.334190 0.000099 -0.045729 0.010022 0.998904
4.200000 -1.828877 -0.374915 36.371552 -0.000522 -0.046940 0.010285 0.998845
4.300000 -1.940142 -0.377566 37.404900 -0.001712 -0.047626 0.010155 0.998812
4.400000 -2.064402 -0.384853 38.441703 -0.003214 -0.047571 0.010411 0.998808
4.500000 -2.190631 -0.382423 39.454025 -0.004218 -0.047855 0.008205 0.998812
4.600000 -2.296888 -0.389919 40.462755 -0.003972 -0.048300 0.008703 0.998787
4.700000 -2.403627 -0.390147 41.448110 -0.003057 -0.048373 0.008662 0.998787
4.800000 -2.514279 -0.392449 42.462210 -0.001977 -0.048704 0.007972 0.998779
4.900000 -2.643203 -0.389495 43.535215 -0.002005 -0.049323 0.009053 0.998740
5.000000 -2.751312 -0.391662 44.557513 -0.002505 -0.050366 0.010074 0.998677
5.100000 -2.855006 -0.392363 45.526421 -0.002977 -0.051175 0.010289 0.998632
5.200000 -2.952707 -0.390899 46.491419 -0.000962 -0.051873 0.009691 0.998606
5.300000 -3.065150 -0.391064 47.450003 0.001128 -0.052613 0.010026 0.998564
5.400000 -3.195052 -0.396431 48.415068 0.001895 -0.052933 0.009764 0.998549
5.500000 -3.254411 -0.373766 49.422339 0.000796 -0.054318 0.010666 0.998466
5.600000 -3.319340 -0.399850 50.401031 -0.000706 -0.055450 0.011048 0.998400
5.700000 -3.403741 -0.410340 51.349549 -0.000955 -0.056129 0.011811 0.998353
5.800000 -3.406920 -0.442948 52.234975 -0.000322 -0.057687 0.012157 0.998261
5.900000 -3.437283 -0.486060 53.189124 0.000058 -0.059451 0.012784 0.998149
6.000000 -3.495249 -0.526462 54.123045 -0.000571 -0.061011 0.012202 0.998062
6.100000 -3.610010 -0.545488 55.104087 -0.002726 -0.062071 0.013361 0.997979
6.200000 -3.627550 -0.497379 56.013926 -0.005098 -0.064120 0.016806 0.997788
6.300000 -3.667089 -0.432648 56.801309 -0.005237 -0.065432 0.016417 0.997708
6.400000 -3.792627 -0.445824 57.727520 -0.003055 -0.066558 0.015425 0.997659
6.500000 -3.889151 -0.477530 58.605041 0.001042 -0.067871 0.013097 0.997608
6.600000 -4.020637 -0.469853 59.511718 0.003807 -0.068870 0.013379 0.997529
6.700000 -4.115816 -0.488488 60.403172 0.003540 -0.070385 0.011229 0.997450
6.800000 -4.332024 -0.481050 61.306626 0.002756 -0.070173 0.010361 0.997477
6.900000 -4.452636 -0.518143 62.182208 0.002116 -0.070913 0.008474 0.997444
7.000000 -4.659308 -0.481060 63.063579 0.002806 -0.071205 0.009733 0.997410
7.100000 -4.795638 -0.491457 63.911038 0.002557 -0.071955 0.009180 0.997362
7.200000 -5.005449 -0.483645 64.881101 0.002726 -0.072595 0.009061 0.997317
7.300000 -5.149532 -0.498760 65.711777 0.002581 -0.073331 0.008839 0.997265
7.400000 -5.391826 -0.511001 66.586698 0.002241 -0.072781 0.008771 0.997307
7.500000 -5.508752 -0.518746 67.368052 0.001178 -0.073621 0.007610 0.997257
7.600000 -5.748783 -0.537693 68.200565 -0.000811 -0.072996 0.007281 0.997305
7.700000 -5.882814 -0.550164 68.981702 -0.001446 -0.073701 0.005770 0.997263
7.800000 -6.085360 -0.590906 69.720610 0.000330 -0.073409 0.004427 0.997292
7.900000 -6.189435 -0.577976 70.444937 0.004681 -0.074214 0.004313 0.997222
8.000000 -6.413716 -0.633351 71.125457 0.006652 -0.073346 0.005601 0.997269
8.100000 -6.568401 -0.665451 71.802004 0.007000 -0.072850 0.005239 0.997305
8.200000 -6.725824 -0.637927 72.492529 0.006222 -0.072715 0.004207 0.997324
8.300000 -6.854676 -0.651765 73.155064 0.005347 -0.072981 0.003958 0.997311
8.400000 -6.998948 -0.674923 73.776863 0.006810 -0.072866 0.005537 0.997303
8.500000 -7.091556 -0.707981 74.390963 0.008917 -0.072691 0.009414 0.997270
8.600000 -7.273734 -0.713395 74.973995 0.011454 -0.070703 0.011529 0.997365
8.700000 -7.385602 -0.732589 75.558955 0.011733 -0.068710 0.010163 0.997516
8.800000 -7.537441 -0.750439 76.125508 0.010335 -0.065698 0.008001 0.997754
8.900000 -7.651860 -0.774759 76.675209 0.008554 -0.062580 0.008754 0.997965
9.000000 -7.789439 -0.815577 77.200022 0.005681 -0.058668 0.010882 0.998202
9.100000 -7.906388 -0.830838 77.717231 0.003971 -0.053206 0.013170 0.998489
9.200000 -8.035710 -0.849953 78.227732 0.004055 -0.046542 0.011230 0.998845
9.300000 -8.143686 -0.872270 78.726143 0.003974 -0.037649 0.008837 0.999244
9.400000 -8.153329 -0.874941 79.206567 0.003977 -0.029125 0.006005 0.999550
9.500000 -8.156122 -0.883646 79.697153 0.003529 -0.018128 0.006688 0.999807
9.600000 -8.140927 -0.879273 80.154176 0.003113 -0.005126 0.008494 0.999946
9.700000 -8.111703 -0.892532 80.613773 0.001923 0.009761 0.009103 0.999909
9.800000 -8.087259 -1.000395 81.942000 0.000647 0.027215 0.004267 0.999620
9.900000 -8.018743 -0.997412 82.394137 0.000422 0.046017 0.004278 0.998931
10.000000 -7.930698 -1.016755 82.818984 -0.000230 0.066973 0.004077 0.997746
10.100000 -7.820341 -1.029423 83.242066 -0.000740 0.089848 0.004107 0.995947
10.200000 -7.703234 -1.034716 83.656825 -0.000121 0.115207 0.002811 0.993337
10.300000 -7.550957 -1.049607 84.041855 0.000649 0.142619 0.002932 0.989773
10.400000 -7.399637 -1.042723 84.396177 0.001765 0.171756 0.002828 0.985134
10.500000 -7.219809 -1.051040 84.752858 0.002085 0.202746 0.002742 0.979225
10.600000 -6.992654 -1.065171 85.078379 0.002191 0.233662 0.002994 0.972311
10.700000 -6.743106 -1.071892 85.442831 0.002723 0.266278 0.003312 0.963887
10.800000 -6.489443 -1.082990 85.736699 0.002793 0.297776 0.003750 0.954624
10.900000 -6.236719 -1.094728 86.007116 0.001701 0.329062 0.004162 0.944298
11.000000 -5.907647 -1.079488 86.278282 0.001060 0.358293 0.003587 0.933602
11.100000 -5.613838 -1.088126 86.511602 0.000283 0.388085 0.004096 0.921614
11.200000 -5.291995 -1.099526 86.733831 0.000928 0.416427 0.005630 0.909151
11.300000 -4.951372 -1.096231 86.931231 0.002670 0.442952 0.007442 0.896511
11.400000 -4.614675 -1.102283 87.118373 0.002273 0.468211 0.006210 0.883592
11.500000 -4.282713 -1.103204 87.271948 0.001613 0.492059 0.004453 0.870549
11.600000 -3.894762 -1.116974 87.454230 0.001634 0.514788 0.003530 0.857309
11.700000 -3.541693 -1.120023 87.577276 0.003273 0.534837 0.006370 0.844925
11.800000 -3.177066 -1.120020 87.675100 0.006138 0.552796 0.013176 0.833190
11.900000 -2.748417 -1.110833 87.798180 0.006507 0.568339 0.015836 0.822616
12.000000 -2.390319 -1.109580 87.896713 0.007107 0.582577 0.013839 0.812627
12.100000 -2.024389 -1.112334 87.999133 0.005708 0.595694 0.007915 0.803152
12.200000 -1.630744 -1.135517 88.103527 0.004712 0.607476 0.005007 0.794309
12.300000 -1.211843 -1.130784 88.192953 0.007087 0.617735 0.005881 0.786333
12.400000 -0.806000 -1.138648 88.258792 0.009740 0.627148 0.007466 0.778804
12.500000 -0.306105 -1.140519 88.296826 0.013804 0.635019 0.006940 0.772342
12.600000 0.123040 -1.126299 88.358956 0.017506 0.642605 0.005530 0.765978
12.700000 0.499979 -1.118677 88.397129 0.017550 0.649130 0.005159 0.760457
12.800000 1.030427 -1.204649 88.538736 0.013609 0.655690 0.005701 0.754886
12.900000 1.566351 -1.235397 88.628935 0.012161 0.661361 0.006658 0.749939
13.000000 1.700710 -1.312566 88.593651 0.009400 0.666420 0.007029 0.745484
13.100000 2.171886 -1.319032 88.580955 0.011870 0.670101 0.010594 0.742100
13.200000 2.723539 -1.323525 88.645315 0.013108 0.673926 0.011294 0.738596
13.300000 3.143561 -1.317722 88.654369 0.014492 0.676675 0.012422 0.736035
13.400000 3.717765 -1.319454 88.709521 0.015110 0.678791 0.012548 0.734068
13.500000 4.180760 -1.368348 88.745309 0.015095 0.680926 0.012751 0.732086
13.600000 4.721970 -1.384994 88.775037 0.015554 0.683040 0.013112 0.730098
13.700000 5.303786 -1.380955 88.836807 0.015768 0.684996 0.012990 0.728260
13.800000 5.929904 -1.403898 88.952728 0.015341 0.686905 0.012440 0.726479
13.900000 6.465017 -1.428074 88.958780 0.015700 0.687767 0.013822 0.725630
14.000000 7.138165 -1.429226 88.994927 0.016035 0.688613 0.014294 0.724811
14.100000 7.694006 -1.468586 89.035005 0.016598 0.689153 0.015930 0.724251
14.200000 8.373264 -1.469491 89.081016 0.017770 0.688868 0.017171 0.724466
14.300000 8.981616 -1.469870 89.064832 0.018403 0.687598 0.017903 0.725638
14.400000 9.652317 -1.491799 89.105152 0.018899 0.686286 0.018622 0.726847
14.500000 10.369964 -1.492442 89.172611 0.018926 0.684989 0.018715 0.728067
14.600000 11.127154 -1.498872 89.245294 0.018333 0.683820 0.018935 0.729174
14.700000 11.846135 -1.521732 89.292678 0.017457 0.682427 0.019410 0.730487
14.800000 12.627481 -1.528447 89.348582 0.015456 0.680743 0.018770 0.732119
14.900000 13.414069 -1.588079 89.447002 0.013376 0.679902 0.018228 0.732954
15.000000 14.217744 -1.597815 89.529785 0.012495 0.678527 0.016539 0.734283
15.100000 14.929256 -1.619845 89.611529 0.012895 0.677756 0.014387 0.735033
15.200000 15.722228 -1.619897 89.704779 0.012803 0.677542 0.010484 0.735298
15.300000 16.413672 -1.649284 89.720706 0.012237 0.677168 0.008322 0.735680
15.400000 17.207501 -1.674886 89.793473 0.010560 0.677159 0.007275 0.735725
15.500000 17.957360 -1.690652 89.853923 0.008965 0.677098 0.007094 0.735804
15.600000 18.763310 -1.697598 89.929618 0.009231 0.677194 0.008085 0.735702
15.700000 19.545889 -1.721576 90.011671 0.007440 0.677194 0.007017 0.735733
15.800000 20.352532 -1.731345 90.097855 0.007003 0.677428 0.006137 0.735531
15.900000 21.067433 -1.737579 90.156627 0.006321 0.677212 0.005126 0.735742
16.000000 21.846549 -1.746503 90.217015 0.005828 0.677683 0.003582 0.735322
16.100000 22.580620 -1.742363 90.287261 0.005062 0.678678 0.002841 0.734413
16.200000 23.381729 -1.757689 90.353336 0.003505 0.680143 0.002298 0.733067
16.300000 24.200273 -1.752646 90.430443 0.001865 0.682104 0.002143 0.731249
16.400000 25.013058 -1.765160 90.485863 0.000290 0.684363 0.002116 0.729138
16.500000 25.802266 -1.762456 90.551440 0.000422 0.687287 0.001745 0.726384
16.600000 26.606105 -1.762939 90.590248 0.001137 0.690414 0.001385 0.723412
16.700000 27.373688 -1.782762 90.600734 0.000690 0.693814 0.001216 0.720153
16.800000 28.177082 -1.790781 90.623922 0.000578 0.697555 0.001803 0.716529
16.900000 29.010190 -1.788441 90.652627 0.000504 0.701529 0.002086 0.712638
17.000000 29.804868 -1.802733 90.659454 0.000282 0.705523 0.002657 0.708682
17.100000 30.632396 -1.817875 90.667580 0.000520 0.709651 0.002690 0.704548
17.200000 31.417467 -1.824959 90.651172 0.000774 0.713518 0.002499 0.700632
17.300000 32.126258 -1.820401 90.602669 0.001182 0.716940 0.001822 0.697132
17.400000 32.890990 -1.817280 90.584842 0.001997 0.720748 0.001594 0.693192
17.500000 33.579020 -1.829433 90.531548 0.002543 0.723753 0.001846 0.690052
17.600000 34.346027 -1.834026 90.489822 0.003083 0.727154 0.001882 0.686465
17.700000 35.016625 -1.834901 90.454739 0.003999 0.730366 0.002154 0.683041
17.800000 35.757941 -1.843722 90.404591 0.004235 0.733478 0.002703 0.679695
17.900000 36.479606 -1.845362 90.392313 0.005049 0.736442 0.004098 0.676469
18.000000 37.226745 -1.836840 90.333797 0.006024 0.738362 0.005789 0.674353
18.100000 37.846025 -1.843340 90.227327 0.006872 0.739049 0.007785 0.673572
18.200000 38.545716 -1.836749 90.175348 0.007416 0.740241 0.008770 0.672243
18.300000 39.173905 -1.843834 90.112539 0.006936 0.740750 0.008944 0.671685
18.400000 39.841072 -1.857797 90.043770 0.006823 0.740965 0.008735 0.671452
18.500000 40.488169 -1.869076 89.977539 0.007983 0.740544 0.009083 0.671899
18.600000 41.119080 -1.890527 89.921957 0.008608 0.739596 0.008893 0.672937
18.700000 41.633150 -1.879086 89.891837 0.009040 0.738075 0.008326 0.674607
18.800000 42.223194 -1.886221 89.859946 0.009185 0.735436 0.007723 0.677488
18.900000 42.769295 -1.889160 89.825102 0.009110 0.731731 0.007353 0.681493
19.000000 43.330694 -1.893680 89.799592 0.009309 0.726910 0.006974 0.686634
19.100000 43.836738 -1.897744 89.805602 0.009745 0.721368 0.006059 0.692457
19.200000 44.314889 -1.913325 89.805309 0.010296 0.713941 0.004786 0.700113
19.300000 44.861990 -1.917464 89.843338 0.011075 0.705642 0.002789 0.708476
19.400000 45.372176 -1.921620 89.896083 0.011618 0.695877 0.001482 0.718065
19.500000 45.853105 -1.940370 89.960577 0.011186 0.684344 0.001332 0.729073
19.600000 46.389232 -1.940292 90.054694 0.011019 0.670855 0.002107 0.741503
19.700000 46.815344 -1.965542 90.132303 0.009267 0.654779 0.002885 0.755758
19.800000 47.328277 -1.966856 90.264037 0.008114 0.637559 0.003949 0.770349
19.900000 48.535600 -1.965134 90.467214 0.009167 0.621283 0.003856 0.783523
20.000000 49.011306 -1.969890 90.644468 0.007746 0.600345 0.003128 0.799697
20.100000 49.484157 -1.993499 90.833160 0.008517 0.576779 0.003955 0.816846
20.200000 49.944258 -2.001252 91.042058 0.010421 0.550549 0.004312 0.834727
20.300000 50.326400 -2.001419 91.321899 0.012976 0.524267 0.002891 0.851450
20.400000 50.726833 -2.015688 91.589477 0.016367 0.494761 0.002635 0.868871
20.500000 51.115626 -1.979474 91.898708 0.019076 0.464636 -0.000928 0.885296
20.600000 51.473580 -2.007711 92.220252 0.019610 0.433199 -0.002266 0.901082
20.700000 51.790151 -1.986829 92.586086 0.022027 0.402435 -0.003857 0.915175
20.800000 52.078245 -2.010953 92.940290 0.022015 0.370674 -0.003119 0.928497
20.900000 52.400199 -2.045161 93.364121 0.019255 0.338419 -0.002002 0.940796
21.000000 52.636971 -2.059281 93.755977 0.016355 0.306345 -0.000919 0.951780
21.100000 52.837133 -2.082352 94.139892 0.013292 0.275007 -0.000650 0.961350
21.200000 53.069366 -2.108739 94.665979 0.009956 0.245270 -0.000407 0.969404
21.300000 53.220286 -2.120455 95.080425 0.007517 0.217814 -0.001931 0.975959
21.400000 53.349729 -2.144516 95.519438 0.005527 0.193534 -0.003294 0.981072
21.500000 53.466632 -2.154944 95.947210 0.003746 0.172345 -0.005646 0.985013
21.600000 53.571708 -2.162329 96.422760 0.004422 0.154228 -0.008157 0.987992
21.700000 53.681441 -2.162745 96.815906 0.004590 0.138152 -0.008781 0.990362
21.800000 53.796872 -2.194301 97.268418 0.004641 0.126726 -0.005411 0.991912
21.900000 53.895621 -2.206094 97.755163 0.004844 0.119123 -0.004365 0.992858
22.000000 53.991375 -2.201695 98.201413 0.004961 0.112377 -0.005831 0.993636
22.100000 54.079450 -2.197349 98.705355 0.004891 0.107750 -0.008658 0.994128
22.200000 54.134531 -2.215905 99.104469 0.004966 0.104889 -0.012308 0.994395
22.300000 54.228458 -2.214728 99.602417 0.006928 0.103766 -0.014772 0.994468
22.400000 54.302338 -2.244261 99.950377 0.007657 0.103083 -0.015872 0.994517
22.500000 54.404462 -2.247231 100.488156 0.009993 0.104746 -0.014610 0.994341
22.600000 54.488780 -2.259812 100.859034 0.013112 0.106606 -0.014151 0.994114
22.700000 54.601479 -2.269578 101.426537 0.015826 0.109113 -0.013541 0.993811
22.800000 54.683845 -2.276793 101.812720 0.015341 0.111119 -0.015644 0.993566
22.900000 54.794811 -2.301393 102.415261 0.013077 0.114397 -0.017571 0.993194
23.000000 54.892164 -2.301237 102.732468 0.011109 0.116425 -0.015712 0.993013
23.100000 55.052821 -2.309486 103.339117 0.008849 0.118056 -0.013904 0.992870
23.200000 55.160376 -2.319959 103.756770 0.006626 0.119775 -0.012670 0.992698
23.300000 55.311676 -2.343432 104.367060 0.006559 0.121071 -0.009983 0.992572
23.400000 55.441001 -2.340266 104.878526 0.008584 0.121424 -0.008532 0.992527
23.500000 55.576708 -2.362406 105.560153 0.012377 0.121640 -0.007665 0.992468
23.600000 55.730716 -2.375915 106.081748 0.015636 0.121003 -0.008493 0.992493
23.700000 55.881193 -2.405175 106.752150 0.017336 0.119714 -0.009486 0.992612
23.800000 56.031746 -2.421815 107.322647 0.015307 0.118426 -0.009788 0.992797
23.900000 56.208566 -2.445141 108.028357 0.011788 0.117463 -0.008060 0.992975
24.000000 56.263507 -2.465392 108.855424 0.009191 0.117443 -0.007675 0.993007
24.100000 56.425843 -2.494833 109.576443 0.009233 0.116447 -0.009208 0.993111
24.200000 56.402925 -2.641172 110.433287 0.011148 0.116781 -0.006937 0.993071
24.300000 56.558597 -2.672076 111.176026 0.013795 0.114999 -0.007122 0.993244
24.400000 56.717136 -2.681976 111.852667 0.015575 0.113046 -0.006359 0.993447
24.500000 56.894229 -2.712459 112.619147 0.014914 0.110981 -0.005228 0.993697
24.600000 57.054065 -2.737290 113.345867 0.014191 0.109247 -0.003565 0.993907
24.700000 57.207677 -2.770258 114.123672 0.012742 0.108711 -0.003195 0.993987
24.800000 57.393112 -2.777538 114.857647 0.012089 0.107740 -0.002089 0.994103
24.900000 57.567765 -2.797216 115.671312 0.011985 0.107511 0.000395 0.994132
25.000000 57.734046 -2.810349 116.439243 0.011402 0.107297 -0.000107 0.994162
25.100000 57.880035 -2.835113 117.244399 0.012168 0.108036 -0.002426 0.994070
25.200000 58.046128 -2.882233 118.041874 0.013310 0.108139 -0.005813 0.994030
25.300000 58.207428 -2.897549 118.880142 0.013883 0.108802 -0.009568 0.993920
25.400000 58.367289 -2.925097 119.675075 0.013394 0.110423 -0.012746 0.993713
25.500000 58.553213 -2.954150 120.507067 0.012362 0.111670 -0.014203 0.993567
25.600000 58.718746 -2.987713 121.312458 0.012731 0.113463 -0.014676 0.993352
25.700000 58.904280 -3.017390 122.145602 0.014325 0.114703 -0.013772 0.993201
25.800000 59.070985 -3.042664 122.975128 0.014320 0.115671 -0.010354 0.993130
25.900000 59.299247 -3.074370 123.765233 0.015580 0.115092 -0.006521 0.993211
26.000000 59.441778 -3.112634 124.560974 0.015705 0.116717 -0.006551 0.993019
26.100000 59.626975 -3.142414 125.411614 0.014361 0.117861 -0.008085 0.992893
26.200000 59.793084 -3.192380 126.166105 0.010735 0.118544 -0.009962 0.992841
26.300000 59.987774 -3.221379 126.995503 0.008580 0.118853 -0.011847 0.992804
26.400000 60.168825 -3.254621 127.751363 0.011755 0.119644 -0.011641 0.992679
26.500000 60.373785 -3.284628 128.577086 0.019551 0.119511 -0.008466 0.992604
26.600000 60.559934 -3.324297 129.290315 0.024347 0.119176 -0.006583 0.992553
26.700000 60.748512 -3.372916 130.121489 0.019551 0.118939 -0.006130 0.992690
26.800000 60.936644 -3.395461 130.890358 0.009767 0.118091 -0.003301 0.992949
26.900000 61.136903 -3.428206 131.720050 0.002382 0.117442 -0.002348 0.993074
27.000000 61.299354 -3.459237 132.452931 0.004862 0.117009 -0.004382 0.993109
27.100000 61.474890 -3.483658 133.252120 0.012590 0.116256 -0.007683 0.993110
27.200000 61.635964 -3.508083 133.968050 0.016389 0.115713 -0.007279 0.993121
27.300000 61.827317 -3.561875 134.769606 0.016579 0.114556 -0.005671 0.993262
27.400000 61.984342 -3.593403 135.493294 0.015809 0.113260 -0.005277 0.993426
27.500000 62.160357 -3.621536 136.301073 0.016680 0.111338 -0.004730 0.993631
27.600000 62.313779 -3.662119 137.092386 0.017437 0.109041 -0.005332 0.993870
27.700000 62.475746 -3.705807 137.894138 0.017107 0.107617 -0.007961 0.994013
27.800000 62.626429 -3.742778 138.681174 0.016951 0.106594 -0.011055 0.994097
27.900000 62.796301 -3.788556 139.486066 0.015806 0.105493 -0.011895 0.994223
28.000000 62.959823 -3.807276 140.313540 0.013753 0.105036 -0.010772 0.994315
28.100000 63.124576 -3.840813 141.093333 0.013965 0.104139 -0.009817 0.994416
28.200000 63.296134 -3.884819 141.952412 0.015582 0.102962 -0.008955 0.994523
28.300000 63.449734 -3.962057 142.741792 0.016948 0.100637 -0.006336 0.994759
28.400000 63.651497 -3.963230 143.545373 0.018473 0.096675 -0.005131 0.995131
28.500000 63.770092 -3.982057 144.350108 0.016483 0.093923 -0.004241 0.995434
28.600000 64.597753 -4.173398 146.897158 0.013674 0.088444 -0.010721 0.995930
28.700000 64.741558 -4.198436 147.701859 0.009296 0.086346 -0.009620 0.996175
28.800000 65.233046 -4.206702 150.339039 0.008502 0.083768 -0.011576 0.996382
28.900000 65.342086 -4.240669 151.142820 0.010728 0.081556 -0.012762 0.996529
29.000000 65.120783 -4.288155 150.086887 0.015227 0.077307 -0.014448 0.996786
29.100000 65.239034 -4.307387 150.887035 0.018503 0.073873 -0.012766 0.997014
29.200000 65.348811 -4.346261 151.676781 0.017855 0.070762 -0.012712 0.997252
29.300000 65.437657 -4.384914 152.490969 0.015947 0.067006 -0.016169 0.997494
29.400000 65.516528 -4.434179 153.287117 0.016369 0.063170 -0.019423 0.997679
29.500000 65.594069 -4.479584 154.085709 0.019084 0.058305 -0.020831 0.997899
29.600000 65.653380 -4.504076 154.899850 0.020806 0.054466 -0.019918 0.998100
29.700000 65.731392 -4.549960 155.687374 0.019329 0.050389 -0.020097 0.998340
29.800000 65.810795 -4.577284 156.496205 0.016167 0.046159 -0.022257 0.998555
29.900000 65.859714 -4.618447 157.323424 0.013109 0.042135 -0.024184 0.998733
30.000000 65.939134 -4.644195 158.067592 0.011747 0.038157 -0.024098 0.998912
30.100000 65.986876 -4.677135 158.889163 0.010583 0.035016 -0.024082 0.999041
30.200000 66.051206 -4.707153 159.675000 0.011580 0.032562 -0.023460 0.999127
30.300000 66.093534 -4.735777 160.502171 0.014484 0.030170 -0.026154 0.999098
30.400000 66.145639 -4.762132 161.294315 0.017842 0.027979 -0.028396 0.999046
30.500000 66.179236 -4.797671 162.115689 0.018860 0.026391 -0.028747 0.999060
30.600000 66.232839 -4.831502 162.908261 0.016028 0.024516 -0.030009 0.999120
30.700000 66.284672 -4.859624 163.726113 0.010784 0.022874 -0.030993 0.999200
30.800000 66.282183 -4.889951 164.558572 0.007077 0.021708 -0.031360 0.999247
30.900000 66.307185 -4.919467 165.361514 0.008728 0.019215 -0.029317 0.999347
31.000000 66.366533 -4.957941 166.166179 0.013771 0.015885 -0.023678 0.999499
31.100000 66.389411 -4.981812 166.965200 0.016192 0.012252 -0.022295 0.999545
31.200000 66.393829 -5.029005 167.793346 0.015246 0.008989 -0.025131 0.999527
31.300000 66.395695 -5.055256 168.648908 0.012332 0.004919 -0.024109 0.999621
31.400000 66.397908 -5.089846 169.480048 0.010703 0.001189 -0.021540 0.999710
31.500000 66.413763 -5.113895 170.292398 0.008619 -0.001974 -0.017285 0.999812
31.600000 66.405398 -5.140343 171.141308 0.008988 -0.005030 -0.015512 0.999827
31.700000 66.396502 -5.172090 171.949423 0.012396 -0.008345 -0.013859 0.999792
31.800000 66.383279 -5.199459 172.815638 0.017701 -0.012334 -0.009475 0.999722
31.900000 66.374972 -5.234327 173.651237 0.019599 -0.016030 -0.004644 0.999669
32.000000 66.332172 -5.256271 174.548084 0.016364 -0.019449 -0.005974 0.999659
32.100000 66.282540 -5.288035 175.387801 0.009851 -0.022132 -0.011240 0.999643
32.200000 66.222289 -5.313580 176.275837 0.006451 -0.024507 -0.013666 0.999585
32.300000 66.163340 -5.336745 177.124692 0.008145 -0.026345 -0.013511 0.999528
32.400000 66.131661 -5.387182 177.937773 0.013099 -0.027781 -0.014783 0.999419
32.500000 66.055609 -5.413673 178.771746 0.017905 -0.028947 -0.020045 0.999220
32.600000 66.008206 -5.445153 179.568934 0.019753 -0.030260 -0.019471 0.999157
32.700000 65.951556 -5.476607 180.444103 0.017438 -0.031480 -0.016486 0.999216
32.800000 65.918943 -5.500919 181.241425 0.012999 -0.032020 -0.015735 0.999279
32.900000 65.845172 -5.526046 182.115103 0.010450 -0.031927 -0.016169 0.999305
33.000000 65.794502 -5.559689 182.906010 0.011018 -0.032675 -0.016884 0.999263
33.100000 65.738615 -5.591058 183.741504 0.015621 -0.033853 -0.015326 0.999187
33.200000 65.683300 -5.623297 184.550450 0.021393 -0.035099 -0.009914 0.999106
33.300000 65.640341 -5.664500 185.385826 0.023319 -0.036319 -0.005106 0.999055
33.400000 65.574984 -5.710851 186.189461 0.020863 -0.036898 -0.006567 0.999080
33.500000 65.498987 -5.750471 187.044871 0.015691 -0.037447 -0.009146 0.999134
33.600000 65.442049 -5.792273 187.832511 0.013875 -0.038356 -0.009994 0.999118
33.700000 65.365671 -5.830491 188.684561 0.015738 -0.038694 -0.009753 0.999080
33.800000 65.317173 -5.856641 189.429315 0.019088 -0.038916 -0.009681 0.999013
33.900000 65.236303 -5.893213 190.267718 0.019594 -0.039035 -0.013072 0.998960
34.000000 65.200099 -5.920812 191.000159 0.018275 -0.039757 -0.014496 0.998937
34.100000 65.125060 -5.961611 191.831052 0.016724 -0.040161 -0.016334 0.998920
34.200000 65.064648 -5.997704 192.443235 0.014754 -0.040265 -0.016090 0.998951
34.300000 64.986937 -6.027434 193.273376 0.015179 -0.040589 -0.017450 0.998908
34.400000 64.901263 -6.023125 193.963054 0.017719 -0.040561 -0.016297 0.998887
34.500000 64.827223 -6.062891 194.751788 0.020268 -0.041137 -0.016621 0.998810
34.600000 64.823837 -6.078231 195.411995 0.020656 -0.042836 -0.017941 0.998707
34.700000 64.747967 -6.113505 196.212362 0.015943 -0.043921 -0.018352 0.998739
34.800000 64.698112 -6.130628 196.944544 0.011982 -0.045224 -0.016647 0.998766
34.900000 64.633725 -6.165588 197.731375 0.011042 -0.045892 -0.013351 0.998796
35.000000 64.621786 -6.168366 198.205517 0.014747 -0.046352 -0.013369 0.998727
35.100000 64.562024 -6.195397 198.928435 0.017565 -0.046182 -0.014681 0.998671
35.200000 64.456931 -6.243702 199.571177 0.020697 -0.045302 -0.015680 0.998636
35.300000 64.400661 -6.289980 200.261393 0.022558 -0.045215 -0.015101 0.998608
35.400000 64.371148 -6.341330 200.797926 0.024458 -0.044199 -0.013781 0.998628
35.500000 64.323259 -6.372289 201.463028 0.025177 -0.042146 -0.012705 0.998713
35.600000 64.294396 -6.384780 202.039953 0.023250 -0.039950 -0.013620 0.998838
35.700000 64.239208 -6.409587 202.735100 0.018981 -0.037034 -0.015202 0.999018
35.800000 64.221415 -6.444371 203.313887 0.016719 -0.034615 -0.017294 0.999111
35.900000 64.186213 -6.469313 203.977963 0.017806 -0.031928 -0.017639 0.999176
36.000000 64.146681 -6.502873 204.625840 0.021877 -0.028616 -0.016624 0.999213
36.100000 64.120708 -6.534439 205.266916 0.026646 -0.025112 -0.017239 0.999181
36.200000 64.099936 -6.556018 205.894402 0.029231 -0.022053 -0.017246 0.999181
36.300000 64.103542 -6.591706 206.529666 0.028613 -0.018973 -0.016741 0.999270
36.400000 64.082282 -6.633647 207.174137 0.026045 -0.016108 -0.015142 0.999416
36.500000 64.062701 -6.670533 207.842467 0.023277 -0.013060 -0.011105 0.999582
36.600000 64.067430 -6.698059 208.478039 0.022370 -0.010959 -0.006680 0.999667
36.700000 64.066716 -6.732227 209.107732 0.022000 -0.009528 -0.007258 0.999686
36.800000 64.064981 -6.755392 209.691491 0.021546 -0.009296 -0.009215 0.999682
36.900000 64.071606 -6.785142 210.328828 0.020843 -0.009888 -0.009817 0.999686
37.000000 64.055516 -6.829788 210.925643 0.019089 -0.010174 -0.009939 0.999717
37.100000 64.047207 -6.861287 211.567367 0.018300 -0.010288 -0.010718 0.999722
37.200000 64.021582 -6.887303 212.185682 0.021087 -0.010273 -0.015046 0.999612
37.300000 63.989735 -6.922225 212.833565 0.025766 -0.010758 -0.017633 0.999455
37.400000 64.009232 -6.950879 213.438630 0.030032 -0.013045 -0.016137 0.999334
37.500000 64.003204 -6.989173 214.098188 0.032131 -0.015442 -0.012970 0.999280
37.600000 63.972170 -7.013611 214.740941 0.029564 -0.017322 -0.013491 0.999322
37.700000 63.924121 -7.050089 215.429063 0.023564 -0.019176 -0.016928 0.999395
37.800000 63.892758 -7.110902 216.086222 0.015809 -0.021275 -0.015327 0.999531
37.900000 63.879429 -7.149959 216.762536 0.010767 -0.023679 -0.011643 0.999594
38.000000 63.841779 -7.170546 217.438776 0.012336 -0.025168 -0.011917 0.999536
38.100000 63.797219 -7.197491 218.117610 0.015551 -0.026493 -0.013717 0.999434
38.200000 63.776527 -7.208947 218.793858 0.020063 -0.029145 -0.011980 0.999302
38.300000 63.745879 -7.237236 219.494984 0.022454 -0.030546 -0.008139 0.999248
38.400000 63.724317 -7.252367 220.187018 0.020138 -0.031629 -0.003388 0.999291
38.500000 63.688411 -7.284326 220.891136 0.018191 -0.032527 -0.000287 0.999305
38.600000 63.662757 -7.314371 221.591661 0.016556 -0.034196 0.003315 0.999273
38.700000 63.619604 -7.355863 222.279816 0.017902 -0.034925 0.004546 0.999219
38.800000 63.580805 -7.371979 222.993779 0.020836 -0.035688 0.006858 0.999122
38.900000 63.541281 -7.404891 223.687911 0.021245 -0.036362 0.011558 0.999046
39.000000 63.491367 -7.433283 224.410775 0.019802 -0.037063 0.012913 0.999033
39.100000 63.430992 -7.463992 225.121356 0.017840 -0.037437 0.013217 0.999052
39.200000 63.380502 -7.473951 225.849578 0.016465 -0.038294 0.014471 0.999026
39.300000 63.330594 -7.511501 226.498461 0.017537 -0.038377 0.015172 0.998994
39.400000 63.254795 -7.541544 227.276489 0.021455 -0.038603 0.016733 0.998884
39.500000 63.218727 -7.579646 227.920323 0.026178 -0.038859 0.017544 0.998748
39.600000 63.147659 -7.623934 228.660863 0.028865 -0.038902 0.017172 0.998678
39.700000 63.049534 -7.665964 229.340516 0.028371 -0.038246 0.015733 0.998742
39.800000 63.032079 -7.687055 230.069107 0.025620 -0.039254 0.017043 0.998755
39.900000 62.992225 -7.716557 230.735780 0.021994 -0.040097 0.018328 0.998786
40.000000 62.923297 -7.747231 231.396655 0.019617 -0.040174 0.018710 0.998825
40.100000 62.858753 -7.796188 232.020542 0.018058 -0.040477 0.017558 0.998863
40.200000 62.820690 -7.791752 232.638088 0.017231 -0.042235 0.019116 0.998776
40.300000 62.754619 -7.846281 233.224720 0.017340 -0.044621 0.021571 0.998621
40.400000 62.731594 -7.846016 233.766341 0.018513 -0.049251 0.024724 0.998309
40.500000 62.676671 -7.872667 234.307723 0.020764 -0.054920 0.025714 0.997944
40.600000 62.633109 -7.904437 234.792418 0.022496 -0.062280 0.026098 0.997464
40.700000 62.560604 -7.936756 235.296073 0.023919 -0.071966 0.026043 0.996780
40.800000 62.493325 -7.950649 235.753816 0.023592 -0.083211 0.027949 0.995861
40.900000 62.383731 -7.977481 236.237472 0.022636 -0.095525 0.026524 0.994816
41.000000 62.277929 -8.030774 236.660949 0.021131 -0.109552 0.025189 0.993437
41.100000 62.142788 -8.054970 237.120579 0.021344 -0.125738 0.026163 0.991489
41.200000 62.008993 -8.111548 237.498198 0.022978 -0.143613 0.023387 0.989091
41.300000 61.843579 -8.136744 237.905860 0.025534 -0.163798 0.020744 0.985945
41.400000 61.641369 -8.157478 238.306509 0.027744 -0.185583 0.018548 0.982062
41.500000 61.144980 -8.503826 240.488228 0.028567 -0.208766 0.004369 0.977539
41.600000 60.924110 -8.525710 240.851623 0.030250 -0.233319 -0.001583 0.971928
41.700000 60.655716 -8.559375 241.205602 0.031885 -0.258702 -0.009367 0.965385
41.800000 60.356568 -8.582124 241.514146 0.032625 -0.284095 -0.016823 0.958093
41.900000 60.069355 -8.601548 241.826416 0.032837 -0.311504 -0.022408 0.949413
42.000000 59.768536 -8.623018 242.129341 0.032001 -0.339575 -0.026919 0.939649
42.100000 59.442051 -8.643017 242.422701 0.028737 -0.367109 -0.031178 0.929211
42.200000 59.105686 -8.656139 242.692312 0.023384 -0.393892 -0.036674 0.918127
42.300000 58.744302 -8.660588 242.936959 0.018928 -0.419472 -0.042160 0.906591
42.400000 58.352571 -8.664447 243.179983 0.016438 -0.444495 -0.046986 0.894397
42.500000 57.980916 -8.659740 243.375964 0.014468 -0.469314 -0.049202 0.881541
42.600000 57.624317 -8.654642 243.536028 0.012597 -0.494045 -0.050713 0.867864
42.700000 57.247827 -8.646014 243.688972 0.010890 -0.518394 -0.049843 0.853618
42.800000 56.857479 -8.631590 243.817760 0.009912 -0.542721 -0.046795 0.838550
42.900000 56.464277 -8.607453 243.931242 0.009418 -0.567149 -0.043095 0.822433
43.000000 56.051636 -8.598701 244.022640 0.009963 -0.590547 -0.041956 0.805850
43.100000 55.607465 -8.570666 244.093243 0.010604 -0.611872 -0.042023 0.789769
43.200000 55.158378 -8.560073 244.145436 0.009838 -0.631840 -0.043072 0.773839
43.300000 54.706057 -8.538726 244.178124 0.008546 -0.650025 -0.043599 0.758613
43.400000 54.220018 -8.516288 244.213418 0.008248 -0.666647 -0.043717 0.744044
43.500000 53.713738 -8.492330 244.224029 0.008345 -0.681467 -0.044316 0.730459
43.600000 53.265084 -8.477956 244.203551 0.007347 -0.694360 -0.042783 0.718317
43.700000 52.759028 -8.473191 244.174217 0.007891 -0.704714 -0.042776 0.708157
43.800000 52.285397 -8.437309 244.117742 0.009030 -0.713220 -0.042524 0.699591
43.900000 51.751377 -8.425129 244.063239 0.009464 -0.720833 -0.043040 0.691707
44.000000 51.327095 -8.437165 244.127598 0.010999 -0.728254 -0.044004 0.683805
44.100000 50.760867 -8.415340 244.075567 0.012132 -0.733207 -0.044957 0.678409
44.200000 50.280503 -8.413553 244.109909 0.013825 -0.737427 -0.045936 0.673721
44.300000 49.683822 -8.385605 244.038407 0.014397 -0.739425 -0.045354 0.671556
44.400000 49.067106 -8.469369 244.057240 0.012092 -0.741403 -0.044783 0.669455
44.500000 48.437123 -8.442242 243.983268 0.011648 -0.741932 -0.044763 0.668877
44.600000 47.859137 -8.421168 243.926654 0.011281 -0.742319 -0.044395 0.668480
44.700000 47.196672 -8.382135 243.831819 0.011148 -0.742024 -0.044455 0.668804
44.800000 46.570313 -8.330588 243.767062 0.011554 -0.741676 -0.044425 0.669185
44.900000 45.878195 -8.309384 243.666902 0.011315 -0.741329 -0.043068 0.669663
45.000000 45.191422 -8.254233 243.638586 0.012229 -0.741304 -0.041426 0.669778
45.100000 44.414765 -8.221327 243.579438 0.012294 -0.740926 -0.040476 0.670253
45.200000 43.736814 -8.203130 243.468276 0.012500 -0.740389 -0.040283 0.670854
45.300000 42.905736 -8.172166 243.420610 0.012551 -0.740266 -0.040111 0.670999
45.400000 42.220310 -8.159653 243.296108 0.011215 -0.739599 -0.039848 0.671773
45.500000 41.357969 -8.120247 243.254765 0.010181 -0.739499 -0.038795 0.671961
45.600000 40.562936 -8.093517 243.174039 0.009468 -0.738954 -0.038377 0.672595
45.700000 39.686212 -8.047733 243.113139 0.009301 -0.738811 -0.038311 0.672758
45.800000 38.806693 -8.019729 243.053516 0.007529 -0.738615 -0.038362 0.672993
45.900000 37.912156 -7.986574 242.992347 0.005042 -0.738654 -0.038978 0.672938
46.000000 37.137052 -7.981982 242.857654 0.002131 -0.737544 -0.039898 0.674116
46.100000 36.204904 -7.938129 242.828154 0.001621 -0.738084 -0.039723 0.673537
46.200000 35.299241 -7.898839 242.794721 0.002759 -0.739146 -0.038634 0.672430
46.300000 34.367191 -7.874818 242.782250 0.002978 -0.740696 -0.035728 0.670883
46.400000 33.471082 -7.855653 242.749311 0.001870 -0.742200 -0.034430 0.669291
46.500000 32.592626 -7.790469 242.662989 0.000157 -0.743098 -0.035509 0.668240
46.600000 31.668053 -7.746900 242.615181 -0.001986 -0.744688 -0.037595 0.666350
46.700000 30.785733 -7.711238 242.524506 -0.004108 -0.745579 -0.038617 0.665285
46.800000 29.922113 -7.676886 242.404955 -0.005570 -0.746346 -0.037273 0.664491
46.900000 28.112883 -7.632660 242.295437 -0.004796 -0.748986 -0.037148 0.661527
47.000000 26.808612 -7.585020 242.114118 -0.003742 -0.749900 -0.036523 0.660531
47.100000 25.946527 -7.534172 242.000808 -0.002639 -0.750777 -0.036055 0.659566
47.200000 24.598304 -7.444617 241.774680 -0.002223 -0.751465 -0.035838 0.658795
47.300000 23.772144 -7.402251 241.623654 -0.000054 -0.751539 -0.036733 0.658666
47.400000 22.322729 -7.355477 241.485092 0.002642 -0.752806 -0.036967 0.657198
47.500000 21.441628 -7.332895 241.376185 0.004240 -0.753258 -0.036567 0.656694
47.600000 20.267571 -7.266289 241.180431 0.005561 -0.752850 -0.036665 0.657146
47.700000 19.418869 -7.233036 241.063017 0.005781 -0.752473 -0.036835 0.657567
47.800000 18.254200 -7.179819 240.881351 0.006095 -0.751571 -0.036367 0.658621
47.900000 17.433371 -7.150538 240.744439 0.005099 -0.750484 -0.036320 0.659870
48.000000 16.281326 -7.101745 240.609870 0.004380 -0.750126 -0.035840 0.660309
48.100000 15.429575 -7.076646 240.524359 0.001587 -0.749878 -0.034658 0.660666
48.200000 14.284804 -7.020988 240.390684 0.000488 -0.749372 -0.033201 0.661316
48.300000 13.465670 -6.991146 240.275600 0.001355 -0.748627 -0.032643 0.662186
48.400000 12.656926 -6.960476 240.188015 0.001422 -0.748486 -0.032302 0.662362
48.500000 11.835911 -6.922437 240.106366 0.000142 -0.748594 -0.030886 0.662309
48.600000 11.058032 -6.910922 239.994171 -0.002557 -0.748153 -0.031893 0.662754
48.700000 10.235004 -6.877973 239.887629 -0.003295 -0.748254 -0.033887 0.662539
48.800000 9.481454 -6.854706 239.797450 -0.003611 -0.749094 -0.035433 0.661506
48.900000 8.673728 -6.810823 239.691057 -0.002180 -0.749920 -0.035159 0.660589
49.000000 8.011908 -6.805511 239.573551 -0.002180 -0.750818 -0.033954 0.659633
49.100000 7.222708 -6.771732 239.456284 -0.000654 -0.752178 -0.032870 0.658139
49.200000 6.521038 -6.747755 239.339942 -0.000429 -0.753713 -0.032181 0.656415
49.300000 5.734006 -6.728155 239.214151 0.000012 -0.755442 -0.032332 0.654417
49.400000 4.982577 -6.707150 239.086940 0.001216 -0.756901 -0.034075 0.652640
49.500000 4.166152 -6.679029 238.976725 0.001168 -0.758585 -0.034923 0.650637
49.600000 3.476853 -6.666292 238.814340 0.001049 -0.759505 -0.037314 0.649430
49.700000 2.725819 -6.643253 238.671227 0.001343 -0.760746 -0.038945 0.647878
49.800000 4.349010 -6.664705 238.985239 0.002315 -0.761907 -0.039217 0.646494
49.900000 3.588368 -6.635415 238.841498 0.004312 -0.762495 -0.040184 0.645731
50.000000 -2.046433 -6.089391 238.976266 0.007128 -0.770311 -0.036932 0.636558
50.100000 -2.802752 -6.067877 238.825861 0.008100 -0.770622 -0.038243 0.636093
50.200000 1.354864 -6.538250 238.438102 0.008177 -0.763779 -0.043806 0.643938
50.300000 0.619423 -6.504316 238.309739 0.009249 -0.763860 -0.044484 0.643781
50.400000 -0.586672 -6.406855 238.216838 0.010176 -0.765387 -0.045181 0.641901
50.500000 -1.281284 -6.383981 238.091835 0.010809 -0.765211 -0.046117 0.642035
50.600000 -2.409502 -6.320807 237.944128 0.011970 -0.764807 -0.047261 0.642412
50.700000 -3.084588 -6.289644 237.827852 0.011996 -0.764010 -0.047965 0.643307
50.800000 -3.933106 -6.254470 237.700022 0.012111 -0.763136 -0.048262 0.644320
50.900000 -4.559525 -6.228529 237.592740 0.013318 -0.762364 -0.048613 0.645183
51.000000 -5.359268 -6.192329 237.466177 0.013478 -0.761211 -0.047564 0.646617
51.100000 -5.971589 -6.166405 237.374401 0.013248 -0.760425 -0.046722 0.647607
51.200000 -6.613610 -6.135892 237.227502 0.012633 -0.759091 -0.045537 0.649267
51.300000 -7.195108 -6.129130 237.133075 0.012579 -0.758020 -0.046361 0.650460
51.400000 -7.789196 -6.085397 237.008886 0.012484 -0.756350 -0.046366 0.652402
51.500000 -8.353222 -6.066947 236.945733 0.012929 -0.755289 -0.046700 0.653599
51.600000 -8.842620 -6.061421 236.859356 0.012803 -0.753540 -0.046530 0.655628
51.700000 -9.363483 -6.000673 236.816993 0.012906 -0.752338 -0.045746 0.657060
51.800000 -9.833905 -6.018899 236.776510 0.012004 -0.751093 -0.045966 0.658485
51.900000 -10.324935 -5.996240 236.773953 0.011048 -0.750449 -0.045146 0.659292
52.000000 -10.761847 -5.959389 236.692189 0.011274 -0.748459 -0.045702 0.661508
52.100000 -11.215201 -5.920652 236.648427 0.011279 -0.746894 -0.045905 0.663261
52.200000 -11.653676 -5.926604 236.610043 0.010731 -0.745443 -0.046614 0.664851
52.300000 -12.006784 -5.920421 236.540642 0.010162 -0.743136 -0.046695 0.667432
52.400000 -12.402667 -5.893984 236.499868 0.009752 -0.741081 -0.046300 0.669747
52.500000 -12.804359 -5.886325 236.489363 0.009401 -0.739322 -0.045620 0.671739
52.600000 -13.093656 -5.875863 236.438891 0.009224 -0.736974 -0.044447 0.674395
52.700000 -13.444997 -5.854301 236.422172 0.009338 -0.735102 -0.043537 0.676492
52.800000 -13.766931 -5.839655 236.406064 0.009395 -0.733452 -0.042688 0.678334
52.900000 -14.001945 -5.872219 236.344025 0.008739 -0.731090 -0.043357 0.680846
53.000000 -14.285573 -5.845088 236.347784 0.008801 -0.729804 -0.042901 0.682252
53.100000 -14.543917 -5.847179 236.327245 0.008734 -0.728271 -0.043164 0.683873
53.200000 -14.753014 -5.844260 236.341377 0.008701 -0.727492 -0.041707 0.684792
53.300000 -14.898188 -5.807200 236.306972 0.010438 -0.726060 -0.038594 0.686468
53.400000 -15.070175 -5.802233 236.309552 0.011206 -0.725256 -0.036612 0.687413
53.500000 -15.216650 -5.791766 236.294800 0.011150 -0.724433 -0.036590 0.688283
53.600000 -15.325037 -5.802296 236.305941 0.010430 -0.724246 -0.037325 0.688452
53.700000 -15.439339 -5.794540 236.297689 0.010941 -0.723710 -0.037079 0.689020
53.800000 -15.506448 -5.801815 236.287654 0.011457 -0.723431 -0.036228 0.689351
53.900000 -15.574405 -5.786441 236.295733 0.012020 -0.723437 -0.034999 0.689398
54.000000 -15.629442 -5.786458 236.303299 0.012095 -0.723591 -0.034668 0.689252
54.100000 -15.658171 -5.785752 236.296986 0.012152 -0.723504 -0.034956 0.689327
54.200000 -15.700148 -5.784732 236.292157 0.012184 -0.723383 -0.034715 0.689466
54.300000 -15.718426 -5.762850 236.275603 0.012970 -0.723086 -0.034854 0.689756
54.400000 -15.721459 -5.769265 236.297747 0.012595 -0.723454 -0.034621 0.689389
54.500000 -15.714087 -5.785418 236.285059 0.012454 -0.723283 -0.034892 0.689557
54.600000 -15.711469 -5.778705 236.289364 0.013122 -0.723353 -0.034245 0.689504
54.700000 -15.709287 -5.764771 236.278578 0.014245 -0.723206 -0.033512 0.689671
54.800000 -15.666611 -5.754136 236.272858 0.014777 -0.723048 -0.033345 0.689835
54.900000 -15.662007 -5.757323 236.276382 0.014326 -0.723150 -0.033196 0.689744
55.000000 -15.666188 -5.756951 236.276125 0.014462 -0.723124 -0.033204 0.689769
55.100000 -15.666291 -5.757060 236.275644 0.014655 -0.723110 -0.033291 0.689774
55.200000 -15.670988 -5.756520 236.273333 0.014693 -0.723064 -0.033263 0.689823
55.300000 -15.683800 -5.752350 236.277480 0.014818 -0.723108 -0.032869 0.689793
55.400000 -15.685037 -5.759838 236.278984 0.014602 -0.723223 -0.032589 0.689690
55.500000 -15.712365 -5.755571 236.281897 0.014693 -0.723223 -0.032766 0.689680
55.600000 -15.739128 -5.761055 236.274830 0.014650 -0.723072 -0.032892 0.689834
55.700000 -15.766391 -5.763065 236.277434 0.014658 -0.723127 -0.032753 0.689783
55.800000 -15.789893 -5.754991 236.275090 0.015113 -0.723126 -0.032285 0.689795
55.900000 -15.833909 -5.760086 236.267894 0.015794 -0.722952 -0.031576 0.689996
56.000000 -15.896665 -5.757577 236.269484 0.016672 -0.722795 -0.030596 0.690184
56.100000 -15.969404 -5.746952 236.262980 0.017520 -0.722343 -0.029575 0.690680
56.200000 -16.083384 -5.745294 236.275910 0.017805 -0.721743 -0.028920 0.691328
56.300000 -16.175132 -5.762122 236.278908 0.017800 -0.720590 -0.028912 0.692530
56.400000 -16.313248 -5.759341 236.282579 0.018377 -0.718760 -0.027913 0.694454
56.500000 -16.477303 -5.757771 236.281347 0.018847 -0.716047 -0.027379 0.697260
56.600000 -16.648472 -5.750879 236.299041 0.019334 -0.712897 -0.027053 0.700480
56.700000 -16.847223 -5.742637 236.305960 0.020140 -0.708683 -0.027132 0.704717
56.800000 -17.068566 -5.733295 236.308193 0.021196 -0.703454 -0.026781 0.709919
56.900000 -16.345012 -5.872095 236.542012 0.019626 -0.698848 -0.028509 0.714432
57.000000 -16.581080 -5.865179 236.570240 0.017925 -0.691809 -0.029540 0.721253
57.100000 -16.824897 -5.879231 236.598069 0.016406 -0.683516 -0.030966 0.729094
57.200000 -17.074679 -5.870821 236.638844 0.017029 -0.674616 -0.031298 0.737308
57.300000 -18.644994 -6.014991 237.748604 0.013593 -0.673622 -0.026727 0.738467
57.400000 -18.917390 -6.011749 237.811406 0.013116 -0.662152 -0.025649 0.748816
57.500000 -19.176224 -6.016731 237.881130 0.011600 -0.649379 -0.024315 0.759988
57.600000 -19.463777 -6.011917 237.969320 0.009896 -0.634983 -0.022765 0.772127
57.700000 -18.448994 -5.882356 237.036526 0.011027 -0.608740 -0.026384 0.792854
57.800000 -18.736871 -5.886731 237.162709 0.009772 -0.590671 -0.028277 0.806357
57.900000 -19.039020 -5.877486 237.295944 0.010641 -0.570590 -0.030468 0.820601
58.000000 -19.339558 -5.885854 237.454705 0.011294 -0.548971 -0.032214 0.835144
58.100000 -19.625166 -5.903875 237.640055 0.010308 -0.526132 -0.032558 0.849717
58.200000 -19.882466 -5.935026 237.858907 0.008945 -0.502455 -0.031772 0.863973
58.300000 -20.196290 -5.898021 238.079730 0.010018 -0.476145 -0.028122 0.878860
58.400000 -20.477286 -5.897693 238.335277 0.012232 -0.449127 -0.026208 0.893000
58.500000 -20.741445 -5.902558 238.611576 0.015321 -0.420785 -0.024244 0.906707
58.600000 -21.036297 -5.897588 238.939185 0.018922 -0.390799 -0.024575 0.919953
58.700000 -21.294811 -5.907486 239.269800 0.020529 -0.359726 -0.024402 0.932513
58.800000 -21.540997 -5.919293 239.649508 0.020093 -0.328992 -0.023542 0.943826
58.900000 -21.760147 -5.932271 240.042348 0.019305 -0.299271 -0.020840 0.953745
59.000000 -21.975663 -5.951880 240.472527 0.018627 -0.270081 -0.017815 0.962493
59.100000 -22.167057 -5.983374 240.914034 0.018609 -0.241883 -0.016487 0.969987
59.200000 -22.341544 -6.011773 241.385595 0.019913 -0.215254 -0.015132 0.976238
59.300000 -22.505835 -6.022803 241.853564 0.022347 -0.190567 -0.013870 0.981322
59.400000 -22.646404 -6.041429 242.357995 0.023933 -0.167250 -0.013356 0.985534
59.500000 -22.772371 -6.062001 242.896749 0.023797 -0.146370 -0.012025 0.988871
59.600000 -22.909465 -6.089606 243.474707 0.023534 -0.127721 -0.011338 0.991466
59.700000 -23.079070 -6.106665 244.095297 0.022971 -0.111395 -0.009672 0.993464
59.800000 -23.172521 -6.129190 244.702518 0.022858 -0.098558 -0.007473 0.994841
59.900000 -23.253315 -6.153695 245.315145 0.022845 -0.088177 -0.006337 0.995823
60.000000 -23.349183 -6.179109 245.942397 0.022477 -0.080031 -0.004706 0.996528
60.100000 -23.451048 -6.223797 246.611838 0.022109 -0.073822 -0.003648 0.997020
60.200000 -23.553942 -6.260003 247.283243 0.022572 -0.068983 -0.003936 0.997355
60.300000 -23.616411 -6.292654 247.942526 0.022687 -0.065240 -0.002630 0.997608
60.400000 -23.721206 -6.321488 248.673773 0.023505 -0.062120 -0.002011 0.997790
60.500000 -23.814330 -6.362740 249.365053 0.023854 -0.059963 -0.002041 0.997913
60.600000 -23.896337 -6.396582 250.099935 0.023751 -0.058955 -0.001543 0.997977
60.700000 -23.998013 -6.421713 250.840995 0.023236 -0.057825 -0.001155 0.998056
60.800000 -24.095513 -6.445336 251.621765 0.022355 -0.057438 -0.001019 0.998098
60.900000 -24.144931 -6.475672 252.285902 0.020819 -0.057101 -0.000169 0.998151
61.000000 -24.217733 -6.507845 253.074893 0.020745 -0.057816 -0.000161 0.998112
61.100000 -24.311422 -6.563283 253.796383 0.021183 -0.058569 0.000341 0.998059
61.200000 -24.387565 -6.586897 254.574391 0.023171 -0.059794 0.001126 0.997941
61.300000 -24.466717 -6.651042 255.301166 0.026027 -0.060550 -0.000857 0.997825
61.400000 -24.564107 -6.694523 256.101407 0.028371 -0.060747 -0.002346 0.997747
61.500000 -24.659248 -6.740826 256.926041 0.028055 -0.061294 -0.002598 0.997722
61.600000 -24.762702 -6.787279 257.783561 0.024886 -0.061379 -0.002993 0.997800
61.700000 -24.879615 -6.831628 258.661712 0.019898 -0.061161 -0.002549 0.997926
61.800000 -25.014041 -6.862554 259.582097 0.017596 -0.061157 -0.001601 0.997972
61.900000 -25.145973 -6.901224 260.498581 0.018570 -0.061519 0.000682 0.997933
62.000000 -25.298922 -6.933594 261.453666 0.022328 -0.062067 0.002078 0.997820
62.100000 -25.411249 -6.974261 262.377815 0.025932 -0.063114 0.003546 0.997663
62.200000 -25.518770 -7.035233 263.295091 0.027994 -0.064048 0.003593 0.997548
62.300000 -25.605728 -7.095157 264.224969 0.028588 -0.065079 0.003204 0.997465
62.400000 -25.676681 -7.149167 265.183878 0.027792 -0.066480 0.001998 0.997399
62.500000 -25.795287 -7.196539 266.171910 0.024788 -0.066997 0.001316 0.997444
62.600000 -25.897036 -7.260845 267.149689 0.021175 -0.067426 0.000543 0.997499
62.700000 -26.044013 -7.307854 268.198504 0.019349 -0.067435 0.000980 0.997536
62.800000 -26.155718 -7.352733 269.232621 0.020351 -0.068206 0.001969 0.997462
62.900000 -26.267093 -7.396371 270.267029 0.022392 -0.068904 0.003117 0.997367
63.000000 -26.372198 -7.453408 271.330322 0.024273 -0.070363 0.003868 0.997219
63.100000 -26.462349 -7.514274 272.338701 0.025282 -0.071294 0.003646 0.997128
63.200000 -26.560969 -7.576325 273.350799 0.025071 -0.072583 0.003846 0.997040
63.300000 -26.573737 -7.645567 274.345384 0.023394 -0.075231 0.004079 0.996883
63.400000 -26.597699 -7.720006 275.346268 0.021714 -0.077985 0.003451 0.996712
63.500000 -26.662458 -7.802698 276.310366 0.022805 -0.079981 0.002637 0.996532
63.600000 -26.743882 -7.881309 277.265941 0.025806 -0.081786 0.002534 0.996312
63.700000 -26.890763 -7.959181 278.269972 0.027966 -0.082917 0.001649 0.996163
63.800000 -27.005846 -8.036767 279.273342 0.028653 -0.084394 0.000712 0.996020
63.900000 -27.112653 -8.136904 280.268117 0.027473 -0.086052 -0.000803 0.995911
64.000000 -27.302468 -8.193591 281.336825 0.026147 -0.087018 -0.001965 0.995862
64.100000 -27.487285 -8.271021 282.412158 0.023700 -0.088503 -0.003287 0.995789
64.200000 -27.641044 -8.336063 283.438322 0.022178 -0.089879 -0.004891 0.995694
64.300000 -27.804429 -8.398448 284.433864 0.021991 -0.090445 -0.006097 0.995640
64.400000 -27.952815 -8.477325 285.439236 0.022416 -0.090995 -0.006949 0.995575
64.500000 -28.131704 -8.545509 286.498263 0.023657 -0.091706 -0.006883 0.995481
64.600000 -28.270302 -8.615933 287.497670 0.025125 -0.092630 -0.006986 0.995359
64.700000 -28.455121 -8.682036 288.531238 0.026895 -0.093190 -0.005881 0.995268
64.800000 -28.658206 -8.748006 289.579158 0.027777 -0.093620 -0.006551 0.995199
64.900000 -28.805933 -8.827052 290.563795 0.026818 -0.093991 -0.007078 0.995187
65.000000 -28.957461 -8.922237 291.548994 0.025091 -0.094379 -0.008867 0.995181
65.100000 -29.076841 -8.991453 292.540383 0.024171 -0.095261 -0.009266 0.995116
65.200000 -29.181125 -9.054992 293.539421 0.024059 -0.096505 -0.010811 0.994983
65.300000 -29.321959 -9.129745 294.540794 0.021986 -0.097159 -0.011697 0.994957
65.400000 -29.423191 -9.223454 295.509127 0.019622 -0.098034 -0.014548 0.994883
65.500000 -29.535152 -9.312578 296.477789 0.019667 -0.099150 -0.017340 0.994727
65.600000 -29.656068 -9.401705 297.463448 0.022153 -0.100328 -0.019689 0.994513
65.700000 -29.873703 -9.442585 298.488823 0.024661 -0.100464 -0.020305 0.994428
65.800000 -30.040442 -9.494587 299.505388 0.025977 -0.101225 -0.020970 0.994303
65.900000 -30.283437 -9.582104 300.526708 0.026334 -0.100983 -0.022950 0.994275
66.000000 -30.473087 -9.653721 301.546875 0.026918 -0.101481 -0.024260 0.994177
66.100000 -30.717863 -9.768738 302.554731 0.025878 -0.101318 -0.026154 0.994173
66.200000 -30.934170 -9.840910 303.615258 0.024348 -0.101992 -0.025936 0.994149
66.300000 -31.183185 -9.912987 304.673305 0.023306 -0.102115 -0.026040 0.994159
66.400000 -31.433279 -9.951434 305.715301 0.023160 -0.102233 -0.025650 0.994160
66.500000 -31.653798 -9.999112 306.720913 0.023490 -0.102089 -0.025737 0.994165
66.600000 -31.883358 -10.063836 307.714185 0.023102 -0.101520 -0.025808 0.994230
66.700000 -32.156254 -10.112311 308.770420 0.023291 -0.100737 -0.026105 0.994298
66.800000 -32.338564 -10.163090 309.757827 0.023417 -0.100732 -0.025465 0.994312
66.900000 -32.475776 -10.217324 310.728693 0.023132 -0.101613 -0.024424 0.994255
67.000000 -32.611757 -10.249352 311.706844 0.022722 -0.102610 -0.023930 0.994174
67.100000 -32.720660 -10.320864 312.669716 0.022927 -0.104026 -0.022915 0.994046
67.200000 -32.852588 -10.371875 313.655566 0.025334 -0.105295 -0.023135 0.993849
67.300000 -33.026145 -10.428345 314.679370 0.026982 -0.106434 -0.022865 0.993691
67.400000 -33.206354 -10.503050 315.707265 0.025126 -0.107379 -0.021904 0.993659
67.500000 -33.441568 -10.556273 316.762048 0.022774 -0.107406 -0.022199 0.993706
67.600000 -33.697456 -10.607959 317.814280 0.021387 -0.106952 -0.022631 0.993777
67.700000 -33.903599 -10.646324 318.867675 0.020566 -0.107151 -0.022104 0.993784
67.800000 -34.078963 -10.725511 319.902345 0.019209 -0.108004 -0.022578 0.993708
67.900000 -34.243655 -10.746510 320.950008 0.019412 -0.109467 -0.021370 0.993571
68.000000 -34.427514 -10.817400 322.005791 0.019837 -0.110801 -0.019824 0.993447
68.100000 -34.614551 -10.839791 323.040008 0.021767 -0.112040 -0.018786 0.993288
68.200000 -35.156278 -10.832735 324.579698 0.023908 -0.108694 -0.015354 0.993669
68.300000 -35.340258 -10.927275 326.008273 0.023107 -0.111061 -0.015373 0.993426
68.400000 -35.587737 -10.980831 327.204223 0.021870 -0.111787 -0.014325 0.993388
68.500000 -35.822567 -11.044967 328.358876 0.020061 -0.112660 -0.013474 0.993340
68.600000 -36.018264 -11.115015 329.498526 0.019106 -0.114056 -0.011971 0.993218
68.700000 -36.264122 -11.172060 330.527660 0.020416 -0.114421 -0.010408 0.993168
68.800000 -36.524993 -11.216071 331.522465 0.022539 -0.114412 -0.008613 0.993140
68.900000 -36.764452 -11.271390 332.536038 0.023057 -0.114793 -0.007947 0.993090
69.000000 -37.031049 -11.319273 333.525940 0.022717 -0.114519 -0.007488 0.993133
69.100000 -37.287146 -11.388008 334.497968 0.021139 -0.114815 -0.006239 0.993142
69.200000 -37.514041 -11.434165 335.471555 0.019854 -0.115805 -0.005773 0.993057
69.300000 -37.731268 -11.490733 336.421922 0.018368 -0.116533 -0.004713 0.993006
69.400000 -37.980521 -11.541635 337.377172 0.017727 -0.117199 -0.003843 0.992943
69.500000 -38.229480 -11.594136 338.330962 0.018225 -0.118022 -0.002681 0.992840
69.600000 -38.473740 -11.620426 339.259138 0.019086 -0.118782 -0.001287 0.992736
69.700000 -38.709376 -11.669816 340.125142 0.019821 -0.119287 -0.001118 0.992661
69.800000 -38.950944 -11.703917 340.980670 0.020273 -0.119753 -0.001428 0.992596
69.900000 -39.186397 -11.741846 341.823661 0.020170 -0.120378 -0.001067 0.992523
70.000000 -39.429252 -11.771798 342.663847 0.019961 -0.120676 -0.000931 0.992491
70.100000 -39.655172 -11.813196 343.466388 0.019543 -0.120890 -0.001862 0.992472
70.200000 -39.860580 -11.862754 344.286064 0.020196 -0.121414 -0.002799 0.992393
70.300000 -40.098054 -11.886064 345.139735 0.021615 -0.121590 -0.002707 0.992341
70.400000 -40.299176 -11.908184 345.848080 0.022501 -0.121214 -0.002087 0.992369
70.500000 -40.532452 -11.946439 346.711047 0.022296 -0.120495 -0.002167 0.992461
70.600000 -40.680243 -12.001237 347.360411 0.022073 -0.120009 -0.003372 0.992522
70.700000 -40.906775 -12.035495 348.199191 0.021720 -0.119098 -0.002704 0.992641
70.800000 -41.093954 -12.111573 348.911490 0.020820 -0.118154 -0.001745 0.992775
70.900000 -41.276877 -12.163165 349.704074 0.020203 -0.117633 -0.001589 0.992850
71.000000 -41.461214 -12.206185 350.374841 0.019019 -0.116349 -0.000064 0.993026
71.100000 -41.633798 -12.244077 351.116739 0.018344 -0.115709 -0.000009 0.993114
71.200000 -41.784933 -12.267706 351.779212 0.017725 -0.114974 -0.000502 0.993210
71.300000 -41.857789 -12.307472 352.498924 0.017704 -0.115832 -0.000371 0.993111
71.400000 -42.083430 -12.347710 353.122554 0.019373 -0.113991 -0.000145 0.993293
71.500000 -42.177775 -12.392196 353.769772 0.022058 -0.114316 -0.000030 0.993200
71.600000 -42.361948 -12.429345 354.395425 0.023400 -0.113263 0.000016 0.993289
71.700000 -42.441173 -12.487151 355.017608 0.022666 -0.113964 -0.000219 0.993226
71.800000 -42.708360 -12.489135 356.234390 0.022848 -0.114446 0.000149 0.993167
71.900000 -42.796475 -12.525921 356.810024 0.021330 -0.115544 0.000074 0.993073
72.000000 -42.918538 -12.583688 357.348352 0.020290 -0.116683 -0.000041 0.992962
72.100000 -43.051595 -12.597117 357.845186 0.022094 -0.118557 -0.000880 0.992701
72.200000 -43.176896 -12.625584 358.346016 0.023886 -0.121519 -0.001259 0.992301
72.300000 -43.272608 -12.639642 358.808012 0.025592 -0.126520 -0.001705 0.991632
72.400000 -43.500337 -12.695622 359.215273 0.025133 -0.130468 -0.001454 0.991133
72.500000 -43.531476 -12.689979 359.697548 0.026685 -0.140677 -0.002079 0.989694
72.600000 -43.741790 -12.774878 360.116162 0.025534 -0.148652 -0.003159 0.988555
72.700000 -43.871707 -12.761763 360.545804 0.026530 -0.160319 -0.004741 0.986697
72.800000 -44.032217 -12.761751 360.989654 0.026099 -0.173296 -0.006726 0.984501
72.900000 -44.194763 -12.710938 361.453975 0.025101 -0.189333 -0.005146 0.981579
73.000000 -44.293005 -12.913063 361.670916 0.021489 -0.205920 -0.008778 0.978293
73.100000 -44.479445 -12.844117 361.968503 0.022189 -0.224938 -0.007001 0.974095
73.200000 -44.862841 -12.824684 362.520994 0.023156 -0.246079 -0.010265 0.968919
73.300000 -44.904037 -12.866862 362.600545 0.019736 -0.268147 -0.010152 0.963122
73.400000 -44.990867 -12.945572 362.780388 0.016979 -0.291899 -0.015062 0.956180
73.500000 -45.547851 -12.982118 363.224318 0.013537 -0.311328 -0.016275 0.950067
73.600000 -45.673599 -12.923875 363.436240 0.012746 -0.337368 -0.017136 0.941130
73.700000 -46.007183 -12.923837 363.699280 0.012186 -0.362548 -0.019477 0.931682
73.800000 -46.386720 -12.895214 364.041603 0.012272 -0.388796 -0.023599 0.920940
73.900000 -46.775281 -12.869125 364.380861 0.010055 -0.415900 -0.024885 0.909014
74.000000 -47.203993 -12.831893 364.454442 0.007190 -0.439984 -0.026389 0.897589
74.100000 -47.551645 -12.841358 364.813205 0.004769 -0.469919 -0.024733 0.882350
74.200000 -47.940675 -12.993160 365.033925 -0.003099 -0.498310 -0.022780 0.866694
76.200000 -56.474312 -15.411042 364.030016 -0.148334 -0.912475 0.018588 0.380841
76.300000 -56.952145 -15.355725 363.551475 -0.150251 -0.912192 0.016801 0.380853
76.400000 -57.443973 -15.309493 363.065546 -0.150704 -0.912113 0.015580 0.380913
76.500000 -57.932406 -15.245789 362.568485 -0.148780 -0.912272 0.015122 0.381309
76.600000 -58.454377 -15.196681 362.059167 -0.147221 -0.912336 0.014197 0.381794
76.700000 -58.950766 -15.135741 361.546468 -0.144976 -0.911972 0.014147 0.383521
76.800000 -59.445777 -15.071594 361.041031 -0.143473 -0.911306 0.013897 0.385672
76.900000 -59.956185 -15.015765 360.512398 -0.143010 -0.910442 0.013174 0.387905
77.000000 -60.504883 -14.946176 359.967919 -0.141892 -0.909864 0.010830 0.389739
77.100000 -61.059766 -14.870892 359.423517 -0.141075 -0.909334 0.008388 0.391330
77.200000 -61.610592 -14.793231 358.892697 -0.141415 -0.908689 0.007527 0.392720
77.300000 -62.203311 -14.716285 358.328551 -0.140738 -0.908220 0.007961 0.394037
77.400000 -62.739155 -14.624919 357.790159 -0.140315 -0.907422 0.009807 0.395981
77.500000 -63.367469 -14.530437 357.208240 -0.141243 -0.906768 0.009948 0.397144
77.600000 -63.921254 -14.453998 356.668864 -0.142119 -0.906074 0.007724 0.398463
77.700000 -64.579530 -14.360666 356.075162 -0.143581 -0.905608 0.005555 0.399034
77.800000 -65.114566 -14.300050 355.527093 -0.144807 -0.904719 0.003007 0.400631
77.900000 -65.683620 -14.228038 355.005673 -0.146242 -0.904049 0.002243 0.401626
78.000000 -66.318543 -14.145794 354.403833 -0.145531 -0.903551 0.002215 0.403003
78.100000 -66.948740 -14.049129 353.813982 -0.142617 -0.903474 0.003262 0.404209
78.200000 -67.600463 -13.961017 353.213858 -0.142509 -0.903209 0.005001 0.404821
78.300000 -68.262757 -13.871850 352.602255 -0.142392 -0.903197 0.005403 0.404882
78.400000 -68.927659 -13.790150 351.996087 -0.142967 -0.903209 0.005095 0.404658
78.500000 -69.593339 -13.704507 351.389949 -0.143579 -0.903400 0.004665 0.404020
78.600000 -70.250551 -13.616943 350.779072 -0.143403 -0.903627 0.004302 0.403578
78.700000 -70.882057 -13.532214 350.172627 -0.141397 -0.904091 0.003035 0.403258
78.800000 -71.545475 -13.448643 349.566480 -0.141860 -0.904335 0.003075 0.402547
78.900000 -72.203047 -13.365395 348.939270 -0.141524 -0.904560 0.002820 0.402161
79.000000 -72.879598 -13.253284 348.291260 -0.141631 -0.904619 0.003267 0.401989
79.100000 -73.498832 -13.179489 347.648153 -0.139783 -0.904841 0.002763 0.402140
79.200000 -74.197786 -13.091556 347.032418 -0.139785 -0.905369 0.003986 0.400938
79.300000 -74.879996 -12.995659 346.416595 -0.139984 -0.906025 0.005367 0.399368
79.400000 -75.520492 -12.928847 345.792196 -0.140369 -0.906814 0.004218 0.397451
79.500000 -76.162120 -12.834047 345.188548 -0.140906 -0.907614 0.002945 0.395442
79.600000 -76.841848 -12.775480 344.555676 -0.140810 -0.908531 0.001000 0.393373
79.700000 -77.501884 -12.680148 343.919367 -0.138046 -0.909592 0.001217 0.391899
79.800000 -78.181013 -12.605505 343.303614 -0.136781 -0.910444 0.001363 0.390361
79.900000 -78.837239 -12.529884 342.675988 -0.136133 -0.910947 0.003691 0.389397
80.000000 -79.470303 -12.450635 342.042707 -0.136607 -0.911043 0.005528 0.388985
80.100000 -80.334341 -12.335224 341.381670 -0.137364 -0.911692 0.004775 0.387202
80.200000 -80.964717 -12.281124 340.749204 -0.138200 -0.911872 0.003903 0.386490
80.300000 -81.567148 -12.241501 340.130844 -0.140862 -0.911520 0.003640 0.386362
80.400000 -82.282889 -12.118754 339.472573 -0.138042 -0.911739 0.005219 0.386846
80.500000 -82.913809 -12.045082 338.848641 -0.137334 -0.911252 0.005433 0.388239
80.600000 -83.539731 -12.003823 338.279414 -0.137455 -0.910895 0.005005 0.389039
80.700000 -84.193222 -11.929915 337.662346 -0.137853 -0.910187 0.003563 0.390569
80.800000 -84.812079 -11.871042 337.052235 -0.138464 -0.909215 0.002350 0.392620
80.900000 -85.600392 -11.733147 336.372691 -0.138067 -0.908627 0.001750 0.394122
81.000000 -86.255700 -11.651696 335.761304 -0.138888 -0.907568 0.001315 0.396269
81.100000 -86.987186 -11.547932 335.084661 -0.138647 -0.906609 0.000643 0.398544
81.200000 -87.635139 -11.460754 334.483356 -0.138980 -0.905435 0.001200 0.401086
81.300000 -88.364581 -11.338242 333.830908 -0.138401 -0.904559 0.002111 0.403253
81.400000 -89.000548 -11.256501 333.238017 -0.137595 -0.903569 0.002167 0.405741
81.500000 -89.652540 -11.164420 332.622769 -0.137534 -0.902464 0.002515 0.408212
81.600000 -90.290756 -11.074506 332.031872 -0.137114 -0.901328 0.001515 0.410859
81.700000 -91.025708 -10.988652 331.431523 -0.138135 -0.900422 0.000841 0.412503
81.800000 -91.629958 -10.922189 330.863755 -0.138300 -0.899382 -0.000563 0.414711
81.900000 -92.319599 -10.811825 330.281286 -0.139115 -0.898547 -0.001504 0.416242
82.000000 -93.015359 -10.707394 329.714736 -0.140438 -0.897754 -0.001627 0.417507
82.100000 -93.698343 -10.605113 329.139622 -0.141450 -0.896896 -0.001525 0.419008
82.200000 -94.321121 -10.506019 328.638933 -0.142646 -0.896488 0.000268 0.419476
82.300000 -94.940103 -10.412859 328.117850 -0.143213 -0.896085 0.001762 0.420140
82.400000 -95.500716 -10.360256 327.634234 -0.144903 -0.895625 0.002212 0.420539
82.500000 -96.057705 -10.284833 327.126967 -0.145781 -0.895247 0.002972 0.421036
82.600000 -96.658584 -10.208185 326.662802 -0.146500 -0.895301 0.004499 0.420660
82.700000 -97.218917 -10.132133 326.199035 -0.147372 -0.895413 0.005457 0.420104
82.800000 -97.790150 -10.043031 325.753491 -0.148410 -0.895896 0.006548 0.418691
82.900000 -98.345397 -9.964538 325.297724 -0.149599 -0.896592 0.006357 0.416776
83.000000 -98.828013 -9.929973 324.889568 -0.151488 -0.897393 0.006040 0.414368
83.100000 -99.326483 -9.869122 324.465996 -0.152085 -0.898494 0.005958 0.411756
83.200000 -99.756890 -9.814603 324.091582 -0.153056 -0.899655 0.007190 0.408831
83.300000 -100.213496 -9.747710 323.702243 -0.153001 -0.901143 0.009090 0.405525
83.400000 -100.642926 -9.710898 323.269278 -0.152823 -0.902317 0.010558 0.402935
83.500000 -101.084010 -9.658058 322.861666 -0.152764 -0.904014 0.011090 0.399122
83.600000 -101.546212 -9.598656 322.451981 -0.153349 -0.905515 0.011406 0.395469
83.700000 -101.977049 -9.553468 322.036320 -0.152968 -0.907053 0.011498 0.392076
83.800000 -102.391953 -9.506415 321.621435 -0.152127 -0.908479 0.013146 0.389039
83.900000 -102.820197 -9.472594 321.198474 -0.150730 -0.909916 0.014729 0.386157
84.000000 -103.213028 -9.408454 320.764835 -0.150058 -0.911087 0.017199 0.383547
84.100000 -103.616662 -9.370336 320.335892 -0.149593 -0.912165 0.018907 0.381077
84.200000 -104.034472 -9.336355 319.926372 -0.148767 -0.913397 0.020230 0.378372
84.300000 -104.439132 -9.307478 319.485160 -0.147474 -0.914505 0.020601 0.376176
84.400000 -104.858323 -9.264702 319.019739 -0.146453 -0.915456 0.021025 0.374234
84.500000 -105.274729 -9.223900 318.580674 -0.146581 -0.916309 0.021924 0.372036
84.600000 -105.705014 -9.189730 318.117714 -0.146979 -0.917027 0.022499 0.370071
84.700000 -106.113720 -9.155340 317.664363 -0.146233 -0.917736 0.022987 0.368575
84.800000 -106.572299 -9.099444 317.220737 -0.142663 -0.919068 0.022783 0.366664
84.900000 -106.983915 -9.067605 316.745052 -0.141212 -0.919583 0.023008 0.365920
85.000000 -107.448342 -9.024217 316.236790 -0.140833 -0.919848 0.023663 0.365358
85.100000 -107.890897 -8.988046 315.771622 -0.141897 -0.919868 0.024770 0.364821
85.200000 -108.474632 -8.746739 315.585403 -0.141970 -0.921007 0.024890 0.361898
85.300000 -108.935843 -8.708512 315.079452 -0.142984 -0.920979 0.023297 0.361677
85.400000 -109.411392 -8.691503 314.536488 -0.143135 -0.921092 0.019933 0.361531
85.500000 -109.911514 -8.640181 313.993982 -0.144579 -0.921146 0.013825 0.361104
85.600000 -110.387866 -8.564221 313.452578 -0.144524 -0.921186 0.008455 0.361190
85.700000 -110.874901 -8.511641 312.916114 -0.144380 -0.920826 0.006815 0.362199
85.800000 -111.340383 -8.480547 312.339039 -0.141408 -0.920255 0.009650 0.364747
85.900000 -111.834939 -8.419301 311.780157 -0.137433 -0.919438 0.016391 0.368071
86.000000 -112.322256 -8.350520 311.188627 -0.135169 -0.918742 0.017281 0.370600
86.100000 -112.890757 -8.273591 310.572694 -0.137700 -0.917837 0.012809 0.372088
86.200000 -113.377829 -8.193026 310.046292 -0.140809 -0.917165 0.004035 0.372780
86.300000 -113.967516 -8.118319 309.451259 -0.142728 -0.916357 0.002600 0.374047
86.400000 -114.469903 -8.067239 308.904354 -0.140686 -0.915628 0.006466 0.376550
86.500000 -115.038136 -7.994254 308.313602 -0.137065 -0.914886 0.014260 0.379464
86.600000 -115.589818 -7.934063 307.735347 -0.134093 -0.914134 0.017760 0.382180
86.700000 -116.203164 -7.869506 307.111154 -0.132423 -0.913769 0.014872 0.383756
86.800000 -116.792149 -7.813744 306.490660 -0.131936 -0.912954 0.008442 0.386052
86.900000 -117.469251 -7.730416 305.874269 -0.131241 -0.912154 0.005839 0.388223
87.000000 -118.137166 -7.635384 305.271985 -0.127835 -0.911246 0.009326 0.391409
87.100000 -118.825373 -7.566894 304.667240 -0.126362 -0.909721 0.015906 0.395206
87.200000 -119.526604 -7.456481 304.023885 -0.127590 -0.907817 0.021212 0.398922
87.300000 -120.203472 -7.377294 303.382398 -0.130472 -0.906194 0.019826 0.401741
87.400000 -120.924182 -7.290982 302.745068 -0.134252 -0.904754 0.014733 0.403956
87.500000 -121.637761 -7.199610 302.104038 -0.136848 -0.903466 0.010491 0.406093
87.600000 -122.347313 -7.114109 301.470806 -0.137854 -0.902279 0.010245 0.408391
87.700000 -123.065506 -7.030099 300.846614 -0.137390 -0.901551 0.011958 0.410105
87.800000 -123.762218 -6.950433 300.225289 -0.137838 -0.901017 0.014060 0.411062
87.900000 -124.505790 -6.862918 299.578801 -0.138926 -0.900857 0.014394 0.411034
88.000000 -125.232609 -6.802036 298.930613 -0.140466 -0.900667 0.014173 0.410935
88.100000 -125.960745 -6.733328 298.275442 -0.141441 -0.900788 0.014069 0.410338
88.200000 -126.725878 -6.642593 297.615366 -0.141608 -0.901555 0.012994 0.408628
88.300000 -127.480187 -6.539590 296.950579 -0.141811 -0.902455 0.011479 0.406611
88.400000 -128.230874 -6.458380 296.295367 -0.141851 -0.903416 0.011916 0.404444
88.500000 -129.003555 -6.357147 295.631244 -0.141032 -0.904174 0.016191 0.402885
88.600000 -129.708731 -6.258588 294.959779 -0.139531 -0.904710 0.020744 0.401995
88.700000 -130.841213 -6.332562 293.563577 -0.145023 -0.903153 0.022579 0.403451
88.800000 -132.379315 -6.211102 292.176890 -0.147945 -0.903818 0.020795 0.400989
88.900000 -133.905732 -5.998154 290.795544 -0.146736 -0.905163 0.017905 0.398533
89.000000 -135.421072 -5.792359 289.415991 -0.145180 -0.906152 0.017188 0.396882
89.100000 -137.198710 -5.446629 288.073004 -0.142036 -0.908358 0.019778 0.392836
89.200000 -138.612825 -5.213936 286.853352 -0.136997 -0.910244 0.021142 0.390181
89.300000 -135.168877 -5.913948 289.515409 -0.141926 -0.907249 0.020692 0.395384
89.400000 -135.912768 -5.844333 288.846964 -0.142024 -0.908020 0.021145 0.393549
89.500000 -136.604819 -5.792601 288.200072 -0.143507 -0.908622 0.020446 0.391654
89.600000 -137.241378 -5.712983 287.519293 -0.143302 -0.909065 0.019061 0.390771
89.700000 -137.947332 -5.669203 286.850412 -0.146785 -0.909767 0.016299 0.387959
89.800000 -138.646787 -5.582190 286.147022 -0.146065 -0.910755 0.014893 0.385964
89.900000 -139.320118 -5.530739 285.454421 -0.145200 -0.911527 0.015579 0.384438
90.000000 -139.911503 -5.485768 284.766818 -0.140811 -0.912218 0.017730 0.384339
90.100000 -140.581844 -5.439466 284.084045 -0.140976 -0.912461 0.021263 0.383520
90.200000 -141.289545 -5.370479 283.404314 -0.142814 -0.912721 0.022101 0.382173
90.300000 -141.848599 -5.349414 282.797923 -0.144497 -0.912890 0.019663 0.381269
90.400000 -142.453027 -5.300235 282.205137 -0.147327 -0.913060 0.018814 0.379819
90.500000 -143.098891 -5.225774 281.598883 -0.148879 -0.913447 0.018622 0.378289
90.600000 -143.699921 -5.174154 280.984733 -0.150371 -0.913514 0.018325 0.377552
90.700000 -144.290760 -5.124492 280.361167 -0.149916 -0.913640 0.017416 0.377469
90.800000 -144.873306 -5.082245 279.741931 -0.149234 -0.913634 0.017268 0.377762
90.900000 -145.459844 -5.036499 279.127622 -0.147669 -0.913751 0.017432 0.378086
91.000000 -146.027912 -5.005120 278.495327 -0.145890 -0.913617 0.017404 0.379100
91.100000 -146.596059 -4.961277 277.844439 -0.146221 -0.912947 0.019244 0.380496
91.200000 -147.238674 -4.927861 277.213600 -0.146804 -0.912576 0.020793 0.381080
91.300000 -147.865591 -4.887053 276.548177 -0.147307 -0.912032 0.020768 0.382187
91.400000 -148.507922 -4.845489 275.895457 -0.149185 -0.911704 0.018984 0.382334
91.500000 -149.166794 -4.788871 275.261874 -0.151753 -0.911532 0.016596 0.381844
91.600000 -149.784853 -4.722514 274.628217 -0.152735 -0.911183 0.015488 0.382331
91.700000 -150.387659 -4.664705 274.007161 -0.152356 -0.910928 0.015304 0.383097
91.800000 -151.019111 -4.597057 273.375326 -0.152178 -0.910597 0.016359 0.383910
91.900000 -151.630570 -4.532422 272.762794 -0.151189 -0.910464 0.017170 0.384581
92.000000 -152.240762 -4.470079 272.145750 -0.150468 -0.910302 0.016348 0.385282
92.100000 -152.852464 -4.404338 271.563457 -0.150692 -0.910570 0.014561 0.384633
92.200000 -153.425723 -4.351521 270.984017 -0.151634 -0.910355 0.013465 0.384810
92.300000 -153.980118 -4.298168 270.454632 -0.153601 -0.909901 0.016824 0.384973
92.400000 -154.530734 -4.248534 269.904691 -0.153585 -0.909463 0.020443 0.385838
92.500000 -155.025547 -4.206235 269.383510 -0.153591 -0.909262 0.022358 0.386203
92.600000 -155.570484 -4.146321 268.858497 -0.156062 -0.909196 0.020913 0.385449
92.700000 -156.083531 -4.100314 268.353949 -0.160391 -0.909072 0.018954 0.384063
92.800000 -156.598134 -4.055869 267.862112 -0.160972 -0.909576 0.017479 0.382694
92.900000 -157.053939 -4.031893 267.388106 -0.159926 -0.909837 0.019022 0.382439
93.000000 -157.520723 -3.995981 266.919156 -0.157067 -0.910588 0.022375 0.381653
93.100000 -157.958264 -3.975800 266.462231 -0.155752 -0.910935 0.025193 0.381188
93.200000 -158.384538 -3.942060 265.996518 -0.153271 -0.911689 0.024741 0.380420
93.300000 -158.808517 -3.905616 265.545399 -0.152678 -0.912728 0.023209 0.378257
93.400000 -159.219949 -3.873748 265.117896 -0.152825 -0.913893 0.021407 0.375481
93.500000 -159.628690 -3.865730 264.642028 -0.153769 -0.914743 0.020768 0.373054
93.600000 -160.031682 -3.824026 264.229411 -0.153855 -0.916560 0.021161 0.368509
93.700000 -160.387288 -3.842589 263.730838 -0.154547 -0.918198 0.021744 0.364082
93.800000 -160.754343 -3.810288 263.321220 -0.154953 -0.921153 0.024157 0.356207
93.900000 -161.053834 -3.752673 262.791949 -0.156290 -0.923879 0.028778 0.348127
94.000000 -161.375957 -3.741679 262.375498 -0.156025 -0.928226 0.031329 0.336260
94.100000 -161.695653 -3.737903 261.937482 -0.155471 -0.933425 0.033976 0.321548
94.200000 -161.996605 -3.733092 261.500549 -0.154413 -0.939259 0.036350 0.304349
94.300000 -162.807835 -3.650841 260.707663 -0.151139 -0.945712 0.037659 0.285249
94.400000 -163.059599 -3.672204 260.246189 -0.150970 -0.952004 0.040989 0.263089
94.500000 -163.286247 -3.699236 259.770481 -0.150731 -0.958226 0.045144 0.238841
94.600000 -163.484427 -3.726949 259.296072 -0.150060 -0.964335 0.048827 0.212497
94.700000 -163.647243 -3.764784 258.842812 -0.148703 -0.969980 0.052415 0.185146
94.800000 -163.788281 -3.803868 258.366256 -0.147044 -0.975057 0.056186 0.156475
94.900000 -163.871382 -3.857215 257.903020 -0.143843 -0.979539 0.059411 0.127605
95.000000 -163.950750 -3.918872 257.414241 -0.140544 -0.983450 0.062555 0.095714
95.100000 -163.976961 -4.007116 256.928404 -0.137892 -0.986238 0.064962 0.064039
95.200000 -163.982032 -4.090157 256.422380 -0.134898 -0.987966 0.069256 0.030473
95.300000 -163.958326 -4.170683 255.909528 -0.133290 -0.988335 0.073590 -0.003510
95.400000 -163.887846 -4.264388 255.399954 -0.129286 -0.987879 0.077161 -0.037763
95.500000 -163.761353 -4.382186 254.874087 -0.123803 -0.986483 0.080463 -0.071058
95.600000 -163.622194 -4.501714 254.356930 -0.119348 -0.983719 0.083709 -0.105103
95.700000 -163.435696 -4.623482 253.784247 -0.115345 -0.979611 0.087478 -0.139305
95.800000 -163.236204 -4.757840 253.259823 -0.114186 -0.974182 0.089380 -0.173037
95.900000 -162.974989 -4.921309 252.742109 -0.112628 -0.968188 0.090805 -0.204159
96.000000 -162.692626 -5.067611 252.250474 -0.110120 -0.961800 0.093458 -0.232549
96.100000 -162.334364 -5.214705 251.646169 -0.104822 -0.955398 0.098241 -0.258024
96.200000 -161.997558 -5.378667 251.179953 -0.100259 -0.949567 0.101000 -0.279409
96.300000 -161.579530 -5.558043 250.585095 -0.096965 -0.944113 0.104548 -0.297183
96.400000 -161.209975 -5.731249 250.137491 -0.093366 -0.940172 0.104815 -0.310440
96.500000 -160.794143 -5.903077 249.656392 -0.092209 -0.936881 0.104766 -0.320585
96.600000 -160.410218 -6.075520 249.203983 -0.091608 -0.934092 0.105825 -0.328453
96.700000 -160.140034 -6.199658 248.967834 -0.091861 -0.930780 0.108503 -0.336803
96.800000 -159.731690 -6.367498 248.508598 -0.094287 -0.927814 0.112058 -0.343094
96.900000 -159.285507 -6.591132 247.954789 -0.098897 -0.924241 0.114722 -0.350481
97.000000 -158.851601 -6.778218 247.502405 -0.098362 -0.921477 0.116747 -0.357175
97.100000 -158.379242 -6.999697 246.963047 -0.095193 -0.919029 0.118145 -0.363821
97.200000 -157.902256 -7.213811 246.464628 -0.094128 -0.917054 0.118016 -0.369085
97.300000 -157.392213 -7.435918 245.942658 -0.093644 -0.915335 0.118590 -0.373267
97.400000 -156.905721 -7.646457 245.447085 -0.092897 -0.914328 0.119281 -0.375696
97.500000 -156.322462 -7.887789 244.926748 -0.089884 -0.914009 0.120399 -0.376846
97.600000 -155.799398 -8.121496 244.393601 -0.089046 -0.913237 0.121125 -0.378679
97.700000 -155.269893 -8.326411 243.942929 -0.088664 -0.912709 0.120968 -0.380090
97.800000 -154.720169 -8.567228 243.403132 -0.088418 -0.911843 0.120172 -0.382470
97.900000 -154.341242 -8.733322 243.024317 -0.087545 -0.911052 0.118778 -0.384984
98.000000 -153.779921 -8.967175 242.477782 -0.085902 -0.910234 0.119176 -0.387158
98.100000 -153.364844 -9.144933 242.080604 -0.084419 -0.909411 0.119062 -0.389448
98.200000 -152.770698 -9.392751 241.530104 -0.083713 -0.908737 0.120256 -0.390805
98.300000 -152.260804 -9.550354 241.090603 -0.082096 -0.908302 0.123938 -0.391007
98.400000 -151.647765 -9.800460 240.544696 -0.082068 -0.908139 0.126173 -0.390677
98.500000 -151.283847 -10.014804 240.151571 -0.082540 -0.907868 0.126546 -0.391087
98.600000 -150.666806 -10.288361 239.586071 -0.082107 -0.908368 0.125880 -0.390230
98.700000 -150.183884 -10.428866 239.175338 -0.080763 -0.909181 0.125849 -0.388624
98.800000 -149.636303 -10.669584 238.653349 -0.080200 -0.909798 0.125322 -0.387467
98.900000 -149.081842 -10.903902 238.146436 -0.079111 -0.910575 0.125716 -0.385734
99.000000 -148.500252 -11.153435 237.524791 -0.078666 -0.910921 0.125456 -0.385092
99.100000 -147.895714 -11.423328 236.872770 -0.078647 -0.911362 0.124879 -0.384237
99.200000 -147.293539 -11.680641 236.237623 -0.078456 -0.911813 0.123611 -0.383618
99.300000 -146.695089 -11.926783 235.611436 -0.078045 -0.912312 0.121823 -0.383085
99.400000 -146.102482 -12.164962 235.042626 -0.075799 -0.913362 0.119300 -0.381827
99.500000 -145.477782 -12.402419 234.397894 -0.075628 -0.913834 0.118216 -0.381068
99.600000 -144.843068 -12.654434 233.742242 -0.074515 -0.914233 0.119978 -0.379778
99.700000 -144.191137 -12.915270 233.052701 -0.073741 -0.914424 0.122969 -0.378510
99.800000 -143.586983 -13.150937 232.431134 -0.074352 -0.914626 0.124556 -0.377381
99.900000 -142.030067 -13.871188 231.059756 -0.075387 -0.915512 0.123710 -0.375302
